#time,date,susceptible,exposed,infectious,recovered,dead,immune,num infections today,num hospitalisations today,hospital bed occupancy,num hospitalisations today (data),cum num hospitalisations today,cum num infections today
1,2/3/2020,689420,1453,1148,785,3,0,401,3,22,0.0,3,401
2,3/3/2020,688924,1636,1285,961,3,0,496,6,28,0.0,9,897
3,4/3/2020,688366,1832,1487,1119,5,0,558,3,27,0.0,12,1455
4,5/3/2020,687704,2097,1694,1308,6,0,662,8,34,0.0,20,2117
5,6/3/2020,687031,2326,1892,1552,8,0,673,7,39,0.0,27,2790
6,7/3/2020,686238,2605,2114,1842,10,0,793,6,40,0.0,33,3583
7,8/3/2020,685324,2948,2405,2120,12,0,915,10,47,0.0,43,4498
8,9/3/2020,684259,3360,2689,2486,15,0,1065,14,56,0.0,57,5563
9,10/3/2020,683117,3747,3048,2880,17,0,1143,7,57,0.0,64,6706
10,11/3/2020,681862,4195,3412,3322,18,0,1255,15,64,0.0,79,7961
11,12/3/2020,680482,4629,3856,3824,18,0,1380,24,81,0.0,103,9341
12,13/3/2020,679432,4672,4343,4344,18,0,1050,23,96,0.0,126,10391
13,14/3/2020,678208,4757,4785,5039,20,0,1224,25,117,0.0,151,11615
14,15/3/2020,676912,4857,5270,5750,20,0,1296,17,127,0.0,168,12911
15,16/3/2020,675519,5129,5612,6526,23,0,1393,27,142,0.0,195,14304
16,17/3/2020,674325,5137,5940,7383,24,0,1194,21,153,0.0,216,15498
17,18/3/2020,673127,5036,6283,8334,29,0,1198,29,167,0.0,245,16696
18,19/3/2020,671824,5085,6518,9346,36,0,1303,26,180,0.0,271,17999
19,20/3/2020,670552,5079,6761,10374,43,0,1272,36,188,0.0,307,19271
20,21/3/2020,669548,4822,6906,11485,48,0,1004,51,214,0.0,358,20275
21,22/3/2020,668535,4550,7049,12622,53,0,1013,55,253,0.0,413,21288
22,23/3/2020,667494,4419,6975,13860,61,0,1041,50,274,0.0,463,22329
23,24/3/2020,667004,3752,6971,15017,65,0,490,58,317,0.0,521,22819
24,25/3/2020,666470,3227,6850,16190,72,0,534,68,364,0.0,589,23353
25,26/3/2020,665960,2813,6588,17370,78,0,510,54,385,0.0,643,23863
26,27/3/2020,665487,2422,6266,18545,89,0,473,66,420,0.0,709,24336
27,28/3/2020,665022,2181,5811,19697,98,0,465,74,462,0.0,783,24801
28,29/3/2020,664613,1966,5348,20766,116,0,409,61,472,0.0,844,25210
29,30/3/2020,664230,1816,4841,21792,130,0,383,53,474,0.0,897,25593
30,31/3/2020,663870,1667,4370,22756,146,0,361,61,479,0.0,958,25954
31,1/4/2020,663538,1547,3925,23645,154,0,332,73,496,0.0,1031,26286
32,2/4/2020,663236,1442,3581,24381,169,0,302,67,508,0.0,1098,26588
33,3/4/2020,662937,1390,3268,25034,180,0,300,66,511,0.0,1164,26888
34,4/4/2020,662685,1232,3027,25665,200,0,252,46,487,0.0,1210,27140
35,5/4/2020,662485,1084,2830,26189,221,0,201,51,471,0.0,1261,27341
36,6/4/2020,662284,961,2640,26693,231,0,201,49,466,0.0,1310,27542
37,7/4/2020,662082,912,2405,27156,254,0,202,33,432,0.0,1343,27744
38,8/4/2020,661889,859,2231,27566,264,0,193,28,416,0.0,1371,27937
39,9/4/2020,661702,837,2055,27933,282,0,187,46,400,0.0,1417,28124
40,10/4/2020,661541,784,1875,28309,300,0,161,26,356,0.0,1443,28285
41,11/4/2020,661385,732,1717,28660,315,0,156,17,310,0.0,1460,28441
42,12/4/2020,661242,660,1631,28948,328,0,144,29,285,0.0,1489,28585
43,13/4/2020,661106,634,1481,29244,344,0,136,22,260,0.0,1511,28721
44,14/4/2020,660983,601,1386,29485,354,0,123,26,240,0.0,1537,28844
45,15/4/2020,660878,538,1309,29719,365,0,105,24,228,0.0,1561,28949
46,16/4/2020,660787,487,1198,29963,374,0,91,23,216,0.0,1584,29040
47,17/4/2020,660686,440,1128,30168,387,0,101,23,203,0.0,1607,29141
48,18/4/2020,660589,417,1044,30363,396,0,97,17,189,0.0,1624,29238
49,19/4/2020,660496,386,973,30550,404,0,93,10,170,0.0,1634,29331
50,20/4/2020,660410,377,902,30714,406,0,86,12,162,0.0,1646,29417
51,21/4/2020,660341,347,848,30859,414,0,69,10,149,0.0,1656,29486
52,22/4/2020,660281,312,783,31010,423,0,60,12,135,0.0,1668,29546
53,23/4/2020,660228,283,715,31159,424,0,53,8,124,0.0,1676,29599
54,24/4/2020,660181,264,645,31284,435,0,48,13,111,0.0,1689,29647
55,25/4/2020,660149,223,604,31389,444,0,32,7,102,0.0,1696,29679
56,26/4/2020,660103,207,536,31513,450,0,46,11,94,0.0,1707,29725
57,27/4/2020,660060,182,516,31594,457,0,43,9,86,0.0,1716,29768
58,28/4/2020,660020,175,488,31668,458,0,43,7,81,0.0,1723,29811
59,29/4/2020,659985,161,448,31752,463,0,35,12,81,0.0,1735,29846
60,30/4/2020,659945,163,411,31823,467,0,41,11,83,0.0,1746,29887
61,1/5/2020,659911,156,380,31891,471,0,34,10,80,0.0,1756,29921
62,2/5/2020,659879,150,359,31944,477,0,32,7,75,0.0,1763,29953
63,3/5/2020,659850,138,337,32004,480,0,29,5,72,0.0,1768,29982
64,4/5/2020,659833,122,306,32065,483,0,17,10,77,0.0,1778,29999
65,5/5/2020,659819,105,286,32116,483,0,14,7,76,0.0,1785,30013
66,6/5/2020,659794,101,255,32172,487,0,25,4,65,0.0,1789,30038
67,7/5/2020,659774,90,241,32215,489,0,21,2,59,0.0,1791,30059
68,8/5/2020,659750,92,222,32254,491,0,25,3,53,0.0,1794,30084
69,9/5/2020,659736,81,208,32293,491,0,14,4,49,0.0,1798,30098
70,10/5/2020,659721,78,188,32326,496,0,15,1,40,0.0,1799,30113
71,11/5/2020,659706,74,167,32365,497,0,15,1,30,0.0,1800,30128
72,12/5/2020,659697,66,153,32395,498,0,9,0,23,0.0,1800,30137
73,13/5/2020,659678,69,132,32431,499,0,19,1,18,0.0,1801,30156
74,14/5/2020,659667,65,114,32463,500,0,12,3,15,0.0,1804,30168
75,15/5/2020,659650,55,122,32482,500,0,17,1,14,0.0,1805,30185
76,16/5/2020,659641,55,112,32501,500,0,11,2,15,0.0,1807,30196
77,17/5/2020,659627,56,110,32516,500,0,14,0,14,0.0,1807,30210
78,18/5/2020,659614,61,99,32535,500,0,13,0,11,0.0,1807,30223
79,19/5/2020,659602,52,103,32551,501,0,12,3,12,0.0,1810,30235
80,20/5/2020,659591,42,101,32574,501,0,11,3,15,0.0,1813,30246
81,21/5/2020,659586,37,94,32590,502,0,5,0,13,0.0,1813,30251
82,22/5/2020,659569,48,90,32599,503,0,19,1,11,0.0,1814,30270
83,23/5/2020,659561,47,84,32614,503,0,8,2,10,0.0,1816,30278
84,24/5/2020,659548,50,82,32625,504,0,13,0,9,0.0,1816,30291
85,25/5/2020,659534,51,81,32638,505,0,15,3,10,0.0,1819,30306
86,26/5/2020,659525,50,74,32655,505,0,9,2,11,0.0,1821,30315
87,27/5/2020,659516,49,66,32672,506,0,9,1,11,0.0,1822,30324
88,28/5/2020,659510,44,67,32682,506,0,6,0,10,0.0,1822,30330
89,29/5/2020,659503,38,62,32699,507,0,8,1,9,0.0,1823,30338
90,30/5/2020,659495,34,61,32711,508,0,8,0,8,0.0,1823,30346
91,31/5/2020,659484,36,60,32718,511,0,12,1,6,0.0,1824,30358
92,1/6/2020,659477,35,57,32729,511,0,7,0,5,0.0,1824,30365
93,2/6/2020,659474,34,54,32736,511,0,3,0,5,0.0,1824,30368
94,3/6/2020,659470,28,53,32747,511,0,5,1,4,0.0,1825,30373
95,4/6/2020,659464,29,46,32758,512,0,8,1,4,0.0,1826,30381
96,5/6/2020,659458,26,47,32766,512,0,6,1,5,0.0,1827,30387
97,6/6/2020,659447,31,44,32775,512,0,12,0,4,0.0,1827,30399
98,7/6/2020,659442,30,41,32783,513,0,6,0,3,0.0,1827,30405
99,8/6/2020,659434,29,45,32788,513,0,8,1,4,0.0,1828,30413
100,9/6/2020,659421,34,48,32793,513,0,13,0,4,0.0,1828,30426
101,10/6/2020,659415,28,50,32803,513,0,6,0,4,0.0,1828,30432
102,11/6/2020,659407,27,56,32806,513,0,9,0,4,0.0,1828,30441
103,12/6/2020,659398,30,56,32811,514,0,10,1,3,0.0,1829,30451
104,13/6/2020,659396,23,60,32816,514,0,4,1,4,0.0,1830,30455
105,14/6/2020,659390,26,57,32822,514,0,8,0,4,0.0,1830,30463
106,15/6/2020,659380,29,63,32822,515,0,13,0,3,0.0,1830,30476
107,16/6/2020,659373,34,58,32829,515,0,9,1,4,0.0,1831,30485
108,17/6/2020,659365,36,60,32833,515,0,10,3,7,0.0,1834,30495
109,18/6/2020,659356,40,55,32843,515,0,11,0,6,0.0,1834,30506
110,19/6/2020,659344,42,57,32851,515,0,12,2,7,0.0,1836,30518
111,20/6/2020,659328,52,57,32857,515,0,19,0,5,0.0,1836,30537
112,21/6/2020,659316,53,65,32860,515,0,13,1,6,0.0,1837,30550
113,22/6/2020,659309,50,63,32871,516,0,8,0,4,0.0,1837,30558
114,23/6/2020,659295,54,64,32880,516,0,18,0,2,0.0,1837,30576
115,24/6/2020,659285,55,65,32888,516,0,12,2,4,0.0,1839,30588
116,25/6/2020,659280,44,78,32890,517,0,8,0,3,0.0,1839,30596
117,26/6/2020,659266,51,71,32904,517,0,14,3,6,0.0,1842,30610
118,27/6/2020,659257,52,69,32914,517,0,10,2,8,0.0,1844,30620
119,28/6/2020,659247,51,72,32922,517,0,13,1,9,0.0,1845,30633
120,29/6/2020,659241,50,72,32929,517,0,10,0,9,0.0,1845,30643
121,30/6/2020,659233,48,69,32942,517,0,11,1,10,0.0,1846,30654
122,1/7/2020,659226,46,73,32947,517,0,12,0,8,0.0,1846,30666
123,2/7/2020,659218,43,75,32956,517,0,13,0,8,0.0,1846,30679
124,3/7/2020,659216,40,79,32957,517,0,9,2,7,0.0,1848,30688
125,4/7/2020,659208,44,82,32957,518,0,14,1,7,0.0,1849,30702
126,5/7/2020,659198,54,76,32963,518,0,18,1,8,0.0,1850,30720
127,6/7/2020,659186,54,80,32970,519,0,13,0,6,0.0,1850,30733
128,7/7/2020,659176,59,71,32983,520,0,14,0,5,0.0,1850,30747
129,8/7/2020,659170,57,69,32993,520,0,9,0,5,0.0,1850,30756
130,9/7/2020,659160,63,63,33002,521,0,14,1,5,0.0,1851,30770
131,10/7/2020,659159,53,68,33008,521,0,8,1,5,0.0,1852,30778
132,11/7/2020,659153,56,66,33013,521,0,13,0,5,0.0,1852,30791
133,12/7/2020,659148,52,68,33020,521,0,10,1,4,0.0,1853,30801
134,13/7/2020,659141,50,70,33027,521,0,12,2,6,0.0,1855,30813
135,14/7/2020,659132,49,65,33042,521,0,13,0,5,0.0,1855,30826
136,15/7/2020,659125,52,60,33051,521,0,15,1,6,0.0,1856,30841
137,16/7/2020,659116,62,60,33050,521,0,21,0,6,0.0,1856,30862
138,17/7/2020,659113,61,61,33053,521,0,13,0,6,0.0,1856,30875
139,18/7/2020,659105,65,71,33047,521,0,18,1,6,0.0,1857,30893
140,19/7/2020,659090,70,78,33050,521,0,23,0,5,0.0,1857,30916
141,20/7/2020,659072,76,85,33055,521,0,24,0,5,0.0,1857,30940
142,21/7/2020,659063,79,88,33057,522,0,21,0,3,0.0,1857,30961
143,22/7/2020,659058,86,86,33057,522,0,22,0,3,0.0,1857,30983
144,23/7/2020,659054,86,84,33063,522,0,16,0,2,0.0,1857,30999
145,24/7/2020,659060,69,101,33057,522,0,14,3,4,0.0,1860,31013
146,25/7/2020,659052,77,101,33057,522,0,22,1,5,0.0,1861,31035
147,26/7/2020,659031,96,108,33052,522,0,35,1,6,0.0,1862,31070
148,27/7/2020,659016,107,104,33060,522,0,29,0,6,0.0,1862,31099
149,28/7/2020,659005,114,107,33060,523,0,32,3,8,0.0,1865,31131
150,29/7/2020,658991,111,124,33060,523,0,29,0,8,0.0,1865,31160
151,30/7/2020,658990,105,123,33068,523,0,20,0,6,0.0,1865,31180
152,31/7/2020,658979,107,130,33069,524,0,27,2,7,0.0,1867,31207
153,1/8/2020,658975,109,137,33063,525,0,25,2,7,0.0,1869,31232
154,2/8/2020,658959,120,145,33060,525,0,36,0,6,0.0,1869,31268
155,3/8/2020,658945,119,154,33066,525,0,29,0,5,0.0,1869,31297
156,4/8/2020,658939,109,159,33077,525,0,23,0,5,0.0,1869,31320
157,5/8/2020,658941,100,170,33072,526,0,22,1,5,0.0,1870,31342
158,6/8/2020,658921,115,166,33081,526,0,40,1,5,0.0,1871,31382
159,7/8/2020,658922,114,175,33072,526,0,31,1,5,0.0,1872,31413
160,8/8/2020,658915,127,161,33080,526,0,37,2,7,0.0,1874,31450
161,9/8/2020,658906,127,171,33079,526,0,32,0,7,0.0,1874,31482
162,10/8/2020,658897,133,162,33090,527,0,30,2,8,0.0,1876,31512
163,11/8/2020,658873,142,163,33104,527,0,44,1,8,0.0,1877,31556
164,12/8/2020,658877,141,178,33086,527,0,34,0,8,0.0,1877,31590
165,13/8/2020,658882,132,192,33076,527,0,27,2,9,0.0,1879,31617
166,14/8/2020,658883,124,200,33074,528,0,31,4,12,0.0,1883,31648
167,15/8/2020,658859,156,195,33071,528,0,56,1,11,0.0,1884,31704
168,16/8/2020,658837,178,206,33060,528,0,65,3,14,0.0,1887,31769
169,17/8/2020,658825,194,213,33049,528,0,51,3,17,0.0,1890,31820
170,18/8/2020,658815,199,215,33052,528,0,40,1,18,0.0,1891,31860
171,19/8/2020,658798,209,231,33042,529,0,62,0,17,0.0,1891,31922
172,20/8/2020,658785,218,227,33048,531,0,51,2,15,0.0,1893,31973
173,21/8/2020,658764,226,250,33037,532,0,61,1,13,0.0,1894,32034
174,22/8/2020,658752,214,275,33036,532,0,51,2,12,0.0,1896,32085
175,23/8/2020,658724,231,298,33022,534,0,75,2,11,0.0,1898,32160
176,24/8/2020,658719,226,306,33024,534,0,51,2,13,0.0,1900,32211
177,25/8/2020,658712,217,329,33017,534,0,52,1,14,0.0,1901,32263
178,26/8/2020,658701,227,334,33013,534,0,66,6,18,0.0,1907,32329
179,27/8/2020,658695,234,335,33011,534,0,68,3,20,0.0,1910,32397
180,28/8/2020,658673,245,325,33031,535,0,70,1,18,0.0,1911,32467
181,29/8/2020,658648,264,332,33028,537,0,74,8,24,0.0,1919,32541
182,30/8/2020,658648,254,354,33015,538,0,56,5,28,0.0,1924,32597
183,31/8/2020,658633,255,367,33015,539,0,69,1,26,0.0,1925,32666
184,1/9/2020,658625,255,374,33016,539,0,63,6,31,0.0,1931,32729
185,2/9/2020,658627,237,387,33019,539,0,55,4,34,0.0,1935,32784
186,3/9/2020,658627,248,364,33028,542,0,54,1,30,0.0,1936,32838
187,4/9/2020,658597,262,375,33031,544,0,82,4,30,0.0,1940,32920
188,5/9/2020,658603,266,374,33020,546,0,60,4,30,0.0,1944,32980
189,6/9/2020,658602,281,359,33020,547,0,66,5,30,0.0,1949,33046
190,7/9/2020,658599,272,388,33003,547,0,71,5,31,0.0,1954,33117
191,8/9/2020,658623,272,395,32971,548,0,64,6,34,0.0,1960,33181
192,9/9/2020,658645,238,413,32963,550,0,44,0,30,0.0,1960,33225
193,10/9/2020,658643,241,401,32973,551,0,66,3,29,0.0,1963,33291
194,11/9/2020,658658,250,396,32954,551,0,64,3,28,0.0,1966,33355
195,12/9/2020,658645,256,404,32952,552,0,80,6,30,0.0,1972,33435
196,13/9/2020,658647,253,386,32971,552,0,63,5,31,0.0,1977,33498
197,14/9/2020,658649,267,375,32964,554,0,70,1,25,0.0,1978,33568
198,15/9/2020,658648,294,372,32940,555,0,86,5,27,0.0,1983,33654
199,16/9/2020,658634,298,398,32924,555,0,92,1,27,0.0,1984,33746
200,17/9/2020,658649,305,418,32881,556,0,75,3,28,0.0,1987,33821
201,18/9/2020,658658,314,434,32845,558,0,85,4,28,0.0,1991,33906
202,19/9/2020,658655,339,432,32824,559,0,97,5,29,0.0,1996,34003
203,20/9/2020,658655,358,426,32811,559,0,88,3,28,0.0,1999,34091
204,21/9/2020,658672,351,432,32795,559,0,74,2,27,0.0,2001,34165
205,22/9/2020,658678,342,448,32781,560,0,83,3,24,0.0,2004,34248
206,23/9/2020,658712,333,457,32746,561,0,69,3,25,0.0,2007,34317
207,24/9/2020,658710,343,461,32734,561,0,93,5,27,0.0,2012,34410
208,25/9/2020,658744,315,466,32722,562,0,62,0,24,0.0,2012,34472
209,26/9/2020,658795,305,465,32680,564,0,61,1,21,0.0,2013,34533
210,27/9/2020,658819,287,442,32697,564,0,62,8,27,0.0,2021,34595
211,28/9/2020,658867,260,450,32666,566,0,52,5,28,0.0,2026,34647
212,29/9/2020,658907,258,439,32639,566,0,61,8,33,0.0,2034,34708
213,30/9/2020,658949,239,449,32604,568,0,56,6,36,0.0,2040,34764
214,1/10/2020,658974,240,428,32597,570,0,64,5,37,0.0,2045,34828
215,2/10/2020,659040,244,406,32547,572,0,64,4,37,0.0,2049,34892
216,3/10/2020,659062,250,394,32530,573,0,57,7,41,0.0,2056,34949
217,4/10/2020,659126,269,366,32475,573,0,66,7,42,0.0,2063,35015
218,5/10/2020,659147,284,365,32437,576,0,79,2,39,0.0,2065,35094
219,6/10/2020,659202,263,379,32389,576,0,62,3,38,0.0,2068,35156
220,7/10/2020,659271,256,363,32342,577,0,46,2,35,0.0,2070,35202
221,8/10/2020,659330,244,371,32287,577,0,56,2,34,0.0,2072,35258
222,9/10/2020,659380,240,382,32229,578,0,64,3,30,0.0,2075,35322
223,10/10/2020,659430,247,372,32181,579,0,68,5,29,0.0,2080,35390
224,11/10/2020,659485,271,360,32112,581,0,82,4,28,0.0,2084,35472
225,12/10/2020,659564,268,352,32044,581,0,53,3,29,0.0,2087,35525
226,13/10/2020,659663,257,366,31940,583,0,49,2,27,0.0,2089,35574
227,14/10/2020,659725,244,375,31881,584,0,59,4,28,0.0,2093,35633
228,15/10/2020,659800,256,365,31803,585,0,68,4,27,0.0,2097,35701
229,16/10/2020,659886,259,373,31705,586,0,69,5,31,0.0,2102,35770
230,17/10/2020,659943,279,372,31629,586,0,76,5,33,0.0,2107,35846
231,18/10/2020,660005,271,372,31573,588,0,63,3,31,0.0,2110,35909
232,19/10/2020,660082,272,363,31502,590,0,61,6,31,0.0,2116,35970
233,20/10/2020,660164,258,378,31419,590,0,60,1,30,0.0,2117,36030
234,21/10/2020,660236,242,376,31363,592,0,55,7,34,0.0,2124,36085
235,22/10/2020,660289,260,376,31290,594,0,77,6,37,0.0,2130,36162
236,23/10/2020,660375,258,376,31206,594,0,60,4,39,0.0,2134,36222
237,24/10/2020,660459,258,378,31117,597,0,67,1,34,0.0,2135,36289
238,25/10/2020,660554,258,369,31030,598,0,56,7,36,0.0,2142,36345
239,26/10/2020,660625,268,380,30934,602,0,75,5,34,0.0,2147,36420
240,27/10/2020,660727,267,383,30824,608,0,68,6,34,0.0,2153,36488
241,28/10/2020,660798,273,379,30751,608,0,75,3,34,0.0,2156,36563
242,29/10/2020,660892,294,366,30650,607,0,73,2,34,0.0,2158,36636
243,30/10/2020,660976,289,378,30559,607,0,64,3,34,0.0,2161,36700
244,31/10/2020,661063,284,387,30467,608,0,63,4,34,0.0,2165,36763
245,1/11/2020,661148,291,381,30379,610,0,75,1,28,0.0,2166,36838
246,2/11/2020,661233,295,378,30288,615,0,70,1,21,0.0,2167,36908
247,3/11/2020,661307,310,383,30192,617,0,88,3,19,0.0,2170,36996
248,4/11/2020,661393,295,404,30100,617,0,76,7,25,0.0,2177,37072
249,5/11/2020,661491,291,416,29993,618,0,72,4,23,0.0,2181,37144
250,6/11/2020,661547,336,397,29911,618,0,96,3,26,0.0,2184,37240
251,7/11/2020,661654,339,419,29778,619,0,82,3,25,0.0,2187,37322
252,8/11/2020,661727,354,416,29692,620,0,92,2,25,0.0,2189,37414
253,9/11/2020,661793,352,426,29617,621,0,85,3,26,0.0,2192,37499
254,10/11/2020,661847,385,443,29513,621,0,113,3,29,0.0,2195,37612
255,11/11/2020,661906,388,464,29430,621,0,98,3,29,0.0,2198,37710
256,12/11/2020,661964,384,502,29336,623,0,110,5,29,0.0,2203,37820
257,13/11/2020,662024,399,507,29256,623,0,107,3,29,0.0,2206,37927
258,14/11/2020,662083,403,545,29154,624,0,113,5,29,0.0,2211,38040
259,15/11/2020,662127,404,572,29079,627,0,117,7,31,0.0,2218,38157
260,16/11/2020,662169,448,565,29000,627,0,128,11,41,0.0,2229,38285
261,17/11/2020,662225,455,570,28932,627,0,113,2,39,0.0,2231,38398
262,18/11/2020,662286,454,585,28857,627,0,107,4,41,0.0,2235,38505
263,19/11/2020,662339,459,603,28778,630,0,114,5,42,0.0,2240,38619
264,20/11/2020,662374,482,620,28702,631,0,130,6,40,0.0,2246,38749
265,21/11/2020,662439,503,641,28595,631,0,138,2,36,0.0,2248,38887
266,22/11/2020,662479,556,660,28482,632,0,161,9,39,0.0,2257,39048
267,23/11/2020,662521,572,662,28421,633,0,129,7,41,0.0,2264,39177
268,24/11/2020,662516,606,694,28356,637,0,184,6,39,0.0,2270,39361
269,25/11/2020,662515,640,723,28294,637,0,180,5,40,0.0,2275,39541
270,26/11/2020,662524,682,757,28206,640,0,190,8,42,0.0,2283,39731
271,27/11/2020,662537,714,790,28127,641,0,183,10,46,0.0,2293,39914
272,28/11/2020,662550,693,819,28103,644,0,152,5,45,0.0,2298,40066
273,29/11/2020,662528,736,864,28037,644,0,205,5,45,0.0,2303,40271
274,30/11/2020,662502,786,922,27953,646,0,230,5,46,0.0,2308,40501
275,1/12/2020,662460,841,941,27920,647,0,228,10,52,0.0,2318,40729
276,2/12/2020,659413,894,971,27917,647,2967,242,7,56,0.0,2325,40971
277,3/12/2020,656283,970,1011,27896,650,5999,274,5,53,0.0,2330,41245
278,4/12/2020,653230,1044,1047,27873,653,8962,284,5,54,0.0,2335,41529
279,5/12/2020,650122,1090,1123,27845,655,11974,276,10,58,0.0,2345,41805
280,6/12/2020,647023,1135,1219,27849,658,14925,329,3,54,0.0,2348,42134
281,7/12/2020,643878,1201,1304,27853,658,17915,346,11,61,0.0,2359,42480
282,8/12/2020,640733,1245,1422,27836,659,20914,326,7,59,0.0,2366,42806
283,9/12/2020,637547,1296,1507,27871,660,23928,362,12,63,0.0,2378,43168
284,10/12/2020,634327,1420,1533,27934,662,26933,397,7,64,0.0,2385,43565
285,11/12/2020,631132,1507,1635,28006,665,29864,448,12,69,0.0,2397,44013
286,12/12/2020,627824,1593,1735,28103,667,32887,457,14,75,0.0,2411,44470
287,13/12/2020,624512,1736,1813,28180,669,35899,500,11,77,0.0,2422,44970
288,14/12/2020,621189,1813,1905,28288,672,38942,468,14,82,0.0,2436,45438
289,15/12/2020,617812,1956,2035,28402,673,41931,562,14,85,0.0,2450,46000
290,16/12/2020,614390,2080,2191,28518,674,44956,596,18,96,0.0,2468,46596
291,17/12/2020,610942,2241,2363,28645,678,47940,657,14,102,0.0,2482,47253
292,18/12/2020,607441,2401,2518,28831,684,50934,688,10,98,0.0,2492,47941
293,19/12/2020,603930,2536,2689,29066,687,53901,707,14,101,0.0,2506,48648
294,20/12/2020,600406,2648,2854,29315,689,56897,697,14,102,0.0,2520,49345
295,21/12/2020,596850,2785,3060,29546,691,59877,772,15,102,0.0,2535,50117
296,22/12/2020,593161,2953,3214,29885,696,62900,828,19,109,0.0,2554,50945
297,23/12/2020,589496,3072,3429,30217,699,65896,828,20,115,0.0,2574,51773
298,24/12/2020,585663,3260,3710,30555,700,68921,972,23,128,0.0,2597,52745
299,25/12/2020,581812,3502,3871,30951,703,71970,966,19,134,0.0,2616,53711
300,26/12/2020,578006,3661,4103,31372,708,74959,989,25,146,0.0,2641,54700
301,27/12/2020,574144,3827,4334,31874,716,77914,1075,26,156,0.0,2667,55775
302,28/12/2020,570273,4017,4567,32382,718,80852,1095,16,162,0.0,2683,56870
303,29/12/2020,566302,4227,4813,32945,726,83796,1192,23,169,0.0,2706,58062
304,30/12/2020,562139,4443,5103,33524,728,86872,1258,29,180,0.0,2735,59320
305,31/12/2020,558054,4655,5317,34186,738,89859,1273,39,195,0.0,2774,60593
306,1/1/2021,553960,4950,5563,34838,741,92757,1375,40,219,0.0,2814,61968
307,2/1/2021,549830,5109,5839,35548,745,95738,1318,32,229,0.0,2846,63286
308,3/1/2021,545613,5303,6066,36357,749,98721,1404,40,242,0.0,2886,64690
309,4/1/2021,541283,5464,6424,37121,756,101761,1459,37,254,0.0,2923,66149
310,5/1/2021,536893,5738,6645,37968,763,104802,1539,31,259,0.0,2954,67688
311,6/1/2021,532525,5859,6983,38875,765,107802,1533,47,282,0.0,3001,69221
312,7/1/2021,528093,6040,7227,39855,770,110824,1580,49,295,0.0,3050,70801
313,8/1/2021,523643,6151,7470,40940,779,113826,1601,43,303,0.0,3093,72402
314,9/1/2021,519206,6240,7771,41975,789,116828,1604,46,319,0.0,3139,74006
315,10/1/2021,514591,6428,7994,43105,801,119890,1714,44,322,0.0,3183,75720
316,11/1/2021,510011,6641,8187,44242,812,122916,1737,51,331,0.0,3234,77457
317,12/1/2021,505372,6864,8369,45436,816,125952,1788,54,357,0.0,3288,79245
318,13/1/2021,500697,6998,8665,46665,826,128958,1817,43,359,0.0,3331,81062
319,14/1/2021,495988,7110,8938,47935,836,132002,1818,58,379,0.0,3389,82880
320,15/1/2021,491227,7257,9207,49250,849,135019,1886,57,393,0.0,3446,84766
