#time,date,susceptible,exposed,infectious,recovered,dead,immune,num infections today,num hospitalisations today,hospital bed occupancy,num hospitalisations today (data),cum num hospitalisations today,cum num infections today
1,2/3/2020,688256,1700,1370,946,0,0,453,6,21,0.0,6,453
2,3/3/2020,687691,1897,1566,1118,0,0,565,5,26,0.0,11,1018
3,4/3/2020,687029,2136,1774,1332,1,0,662,5,29,0.0,16,1680
4,5/3/2020,686285,2398,2003,1585,1,0,744,7,35,0.0,23,2424
5,6/3/2020,685460,2652,2275,1883,2,0,825,9,42,0.0,32,3249
6,7/3/2020,684484,3025,2550,2210,3,0,976,7,45,0.0,39,4225
7,8/3/2020,683395,3391,2922,2561,3,0,1091,8,49,0.0,47,5316
8,9/3/2020,682245,3820,3238,2964,5,0,1150,6,51,0.0,53,6466
9,10/3/2020,680969,4284,3587,3425,7,0,1276,11,59,0.0,64,7742
10,11/3/2020,679621,4680,4042,3922,7,0,1348,19,75,0.0,83,9090
11,12/3/2020,678020,5200,4566,4476,10,0,1602,26,94,0.0,109,10692
12,13/3/2020,676839,5215,5066,5139,13,0,1182,30,118,0.0,139,11874
13,14/3/2020,675549,5268,5609,5831,15,0,1290,26,134,0.0,165,13164
14,15/3/2020,674123,5397,6112,6623,17,0,1426,31,155,0.0,196,14590
15,16/3/2020,672551,5639,6546,7515,21,0,1572,38,181,0.0,234,16162
16,17/3/2020,671205,5609,6940,8492,26,0,1346,26,194,0.0,260,17508
17,18/3/2020,669861,5600,7206,9576,29,0,1344,41,223,0.0,301,18852
18,19/3/2020,668556,5527,7405,10752,32,0,1305,36,243,0.0,337,20157
19,20/3/2020,667100,5565,7626,11940,41,0,1456,58,276,0.0,395,21613
20,21/3/2020,666061,5256,7775,13132,48,0,1039,58,304,0.0,453,22652
21,22/3/2020,664946,5035,7842,14392,57,0,1115,60,336,0.0,513,23767
22,23/3/2020,663885,4754,7838,15729,66,0,1061,62,366,0.0,575,24828
23,24/3/2020,663321,4051,7764,17059,77,0,564,80,413,0.0,655,25392
24,25/3/2020,662749,3472,7567,18402,82,0,572,81,461,0.0,736,25964
25,26/3/2020,662226,2983,7225,19747,91,0,524,70,496,0.0,806,26488
26,27/3/2020,661678,2661,6716,21109,108,0,548,60,508,0.0,866,27036
27,28/3/2020,661174,2378,6215,22384,121,0,505,60,512,0.0,926,27541
28,29/3/2020,660733,2137,5750,23514,138,0,441,67,516,0.0,993,27982
29,30/3/2020,660281,2007,5248,24588,148,0,452,65,542,0.0,1058,28434
30,31/3/2020,659857,1903,4713,25633,166,0,424,86,565,0.0,1144,28858
31,1/4/2020,659516,1764,4242,26565,185,0,341,66,565,0.0,1210,29199
32,2/4/2020,659222,1573,3943,27338,196,0,294,67,561,0.0,1277,29493
33,3/4/2020,658951,1407,3642,28061,211,0,272,72,573,0.0,1349,29765
34,4/4/2020,658681,1265,3406,28689,231,0,270,55,545,0.0,1404,30035
35,5/4/2020,658435,1172,3101,29316,248,0,246,52,540,0.0,1456,30281
36,6/4/2020,658158,1137,2843,29864,270,0,277,54,527,0.0,1510,30558
37,7/4/2020,657921,1087,2597,30371,296,0,237,36,485,0.0,1546,30795
38,8/4/2020,657723,1002,2372,30862,313,0,199,45,459,0.0,1591,30994
39,9/4/2020,657535,932,2168,31305,332,0,188,43,431,0.0,1634,31182
40,10/4/2020,657356,858,2004,31702,352,0,179,26,389,0.0,1660,31361
41,11/4/2020,657202,772,1894,32034,370,0,154,29,362,0.0,1689,31515
42,12/4/2020,657049,725,1758,32351,389,0,153,28,337,0.0,1717,31668
43,13/4/2020,656907,658,1660,32646,401,0,142,25,319,0.0,1742,31810
44,14/4/2020,656768,606,1543,32935,420,0,139,17,290,0.0,1759,31949
45,15/4/2020,656639,557,1426,33216,434,0,130,22,259,0.0,1781,32079
46,16/4/2020,656510,544,1303,33474,441,0,129,16,234,0.0,1797,32208
47,17/4/2020,656422,500,1187,33712,451,0,88,15,206,0.0,1812,32296
48,18/4/2020,656335,452,1101,33920,464,0,87,16,187,0.0,1828,32383
49,19/4/2020,656243,413,993,34148,475,0,92,10,162,0.0,1838,32475
50,20/4/2020,656148,392,943,34310,479,0,95,18,161,0.0,1856,32570
51,21/4/2020,656065,371,864,34487,485,0,83,13,143,0.0,1869,32653
52,22/4/2020,655988,361,799,34633,491,0,78,8,125,0.0,1877,32731
53,23/4/2020,655916,334,761,34763,498,0,73,7,117,0.0,1884,32804
54,24/4/2020,655869,288,725,34889,501,0,47,10,115,0.0,1894,32851
55,25/4/2020,655819,261,666,35016,510,0,50,12,101,0.0,1906,32901
56,26/4/2020,655769,234,631,35123,515,0,51,10,88,0.0,1916,32952
57,27/4/2020,655735,203,591,35223,520,0,34,5,79,0.0,1921,32986
58,28/4/2020,655691,185,550,35321,525,0,44,8,78,0.0,1929,33030
59,29/4/2020,655646,183,496,35417,530,0,45,10,75,0.0,1939,33075
60,30/4/2020,655599,176,457,35507,533,0,47,10,71,0.0,1949,33122
61,1/5/2020,655572,162,420,35580,538,0,27,6,66,0.0,1955,33149
62,2/5/2020,655536,151,393,35654,538,0,36,9,67,0.0,1964,33185
63,3/5/2020,655504,133,370,35722,543,0,32,8,68,0.0,1972,33217
64,4/5/2020,655477,129,338,35782,546,0,28,6,66,0.0,1978,33245
65,5/5/2020,655454,121,315,35832,550,0,23,6,60,0.0,1984,33268
66,6/5/2020,655433,105,291,35891,552,0,22,7,57,0.0,1991,33290
67,7/5/2020,655414,96,268,35942,552,0,19,6,51,0.0,1997,33309
68,8/5/2020,655386,103,243,35986,554,0,29,5,53,0.0,2002,33338
69,9/5/2020,655359,110,221,36027,555,0,27,3,51,0.0,2005,33365
70,10/5/2020,655333,108,207,36065,559,0,26,3,46,0.0,2008,33391
71,11/5/2020,655318,95,199,36100,560,0,15,2,39,0.0,2010,33406
72,12/5/2020,655293,87,199,36131,562,0,25,2,35,0.0,2012,33431
73,13/5/2020,655281,82,176,36167,566,0,12,6,34,0.0,2018,33443
74,14/5/2020,655273,73,163,36193,570,0,8,1,28,0.0,2019,33451
75,15/5/2020,655258,64,161,36218,571,0,15,2,28,0.0,2021,33466
76,16/5/2020,655242,60,149,36249,572,0,16,1,24,0.0,2022,33482
77,17/5/2020,655233,58,128,36278,575,0,9,0,18,0.0,2022,33491
78,18/5/2020,655226,47,122,36302,575,0,8,2,16,0.0,2024,33499
79,19/5/2020,655215,47,104,36330,576,0,11,2,15,0.0,2026,33510
80,20/5/2020,655207,41,94,36354,576,0,8,0,13,0.0,2026,33518
81,21/5/2020,655198,38,96,36364,576,0,9,1,13,0.0,2027,33527
82,22/5/2020,655185,38,91,36382,576,0,13,2,13,0.0,2029,33540
83,23/5/2020,655171,44,83,36398,576,0,14,0,11,0.0,2029,33554
84,24/5/2020,655166,45,71,36413,577,0,5,2,11,0.0,2031,33559
85,25/5/2020,655154,44,77,36420,577,0,12,1,11,0.0,2032,33571
86,26/5/2020,655144,42,81,36428,577,0,11,2,11,0.0,2034,33582
87,27/5/2020,655138,37,77,36443,577,0,6,0,10,0.0,2034,33588
88,28/5/2020,655131,38,74,36452,577,0,8,2,12,0.0,2036,33596
89,29/5/2020,655123,38,70,36463,578,0,8,2,11,0.0,2038,33604
90,30/5/2020,655118,36,62,36478,578,0,5,1,11,0.0,2039,33609
91,31/5/2020,655114,24,61,36495,578,0,4,2,11,0.0,2041,33613
92,1/6/2020,655100,30,57,36507,578,0,14,2,12,0.0,2043,33627
93,2/6/2020,655098,26,53,36517,578,0,3,0,12,0.0,2043,33630
94,3/6/2020,655093,24,48,36528,579,0,6,0,10,0.0,2043,33636
95,4/6/2020,655090,22,49,36531,580,0,4,0,8,0.0,2043,33640
96,5/6/2020,655082,26,44,36537,583,0,10,0,5,0.0,2043,33650
97,6/6/2020,655082,23,40,36544,583,0,2,1,4,0.0,2044,33652
98,7/6/2020,655075,24,40,36549,584,0,7,0,2,0.0,2044,33659
99,8/6/2020,655069,21,46,36552,584,0,7,1,3,0.0,2045,33666
100,9/6/2020,655056,30,41,36561,584,0,13,1,4,0.0,2046,33679
101,10/6/2020,655050,27,40,36571,584,0,6,0,3,0.0,2046,33685
102,11/6/2020,655043,28,42,36575,584,0,7,0,2,0.0,2046,33692
103,12/6/2020,655036,32,43,36577,584,0,9,1,3,0.0,2047,33701
104,13/6/2020,655027,31,48,36582,584,0,10,0,3,0.0,2047,33711
105,14/6/2020,655021,33,48,36586,584,0,9,1,4,0.0,2048,33720
106,15/6/2020,655013,37,45,36592,585,0,8,0,3,0.0,2048,33728
107,16/6/2020,655006,39,40,36602,585,0,7,0,3,0.0,2048,33735
108,17/6/2020,655004,32,44,36607,585,0,4,3,5,0.0,2051,33739
109,18/6/2020,654995,34,44,36614,585,0,11,0,4,0.0,2051,33750
110,19/6/2020,654993,31,43,36620,585,0,4,0,4,0.0,2051,33754
111,20/6/2020,654989,29,45,36624,585,0,7,1,5,0.0,2052,33761
112,21/6/2020,654980,36,41,36630,585,0,9,0,5,0.0,2052,33770
113,22/6/2020,654973,34,42,36638,585,0,9,0,5,0.0,2052,33779
114,23/6/2020,654964,40,38,36645,585,0,14,0,5,0.0,2052,33793
115,24/6/2020,654955,42,41,36648,586,0,12,0,3,0.0,2052,33805
116,25/6/2020,654946,47,44,36649,586,0,11,1,3,0.0,2053,33816
117,26/6/2020,654943,42,47,36654,586,0,6,0,3,0.0,2053,33822
118,27/6/2020,654938,39,52,36657,586,0,7,0,2,0.0,2053,33829
119,28/6/2020,654933,37,48,36668,586,0,7,0,2,0.0,2053,33836
120,29/6/2020,654923,41,47,36675,586,0,12,0,0,0.0,2053,33848
121,30/6/2020,654923,34,53,36676,586,0,4,0,0,0.0,2053,33852
122,1/7/2020,654910,39,52,36685,586,0,15,0,0,0.0,2053,33867
123,2/7/2020,654898,43,54,36691,586,0,16,0,0,0.0,2053,33883
124,3/7/2020,654889,46,53,36698,586,0,12,1,1,0.0,2054,33895
125,4/7/2020,654886,43,59,36698,586,0,10,0,1,0.0,2054,33905
126,5/7/2020,654877,44,60,36705,586,0,13,1,2,0.0,2055,33918
127,6/7/2020,654878,34,70,36704,586,0,5,1,3,0.0,2056,33923
128,7/7/2020,654871,38,74,36703,586,0,13,2,5,0.0,2058,33936
129,8/7/2020,654866,39,69,36712,586,0,9,0,5,0.0,2058,33945
130,9/7/2020,654863,43,74,36706,586,0,14,2,7,0.0,2060,33959
131,10/7/2020,654862,42,81,36701,586,0,12,1,8,0.0,2061,33971
132,11/7/2020,654854,46,77,36709,586,0,14,1,8,0.0,2062,33985
133,12/7/2020,654844,56,71,36714,587,0,16,0,7,0.0,2062,34001
134,13/7/2020,654840,65,65,36715,587,0,18,1,7,0.0,2063,34019
135,14/7/2020,654836,58,69,36722,587,0,10,0,7,0.0,2063,34029
136,15/7/2020,654828,53,83,36721,587,0,14,1,8,0.0,2064,34043
137,16/7/2020,654823,61,79,36722,587,0,18,1,9,0.0,2065,34061
138,17/7/2020,654812,66,76,36731,587,0,19,1,9,0.0,2066,34080
139,18/7/2020,654797,74,79,36735,587,0,22,1,10,0.0,2067,34102
140,19/7/2020,654790,79,82,36733,588,0,19,1,10,0.0,2068,34121
141,20/7/2020,654783,87,80,36734,588,0,23,0,7,0.0,2068,34144
142,21/7/2020,654767,91,88,36738,588,0,27,2,7,0.0,2070,34171
143,22/7/2020,654755,97,96,36736,588,0,24,0,7,0.0,2070,34195
144,23/7/2020,654744,103,104,36733,588,0,25,0,7,0.0,2070,34220
145,24/7/2020,654749,89,114,36731,589,0,13,2,7,0.0,2072,34233
146,25/7/2020,654735,77,127,36743,590,0,23,0,5,0.0,2072,34256
147,26/7/2020,654733,69,134,36745,591,0,15,0,4,0.0,2072,34271
148,27/7/2020,654726,85,130,36740,591,0,28,1,5,0.0,2073,34299
149,28/7/2020,654708,90,125,36758,591,0,25,0,4,0.0,2073,34324
150,29/7/2020,654685,107,121,36768,591,0,37,1,5,0.0,2074,34361
151,30/7/2020,654673,108,126,36774,591,0,26,2,6,0.0,2076,34387
152,31/7/2020,654674,106,136,36765,591,0,26,0,5,0.0,2076,34413
153,1/8/2020,654666,117,141,36757,591,0,34,1,5,0.0,2077,34447
154,2/8/2020,654653,114,155,36759,591,0,28,1,5,0.0,2078,34475
155,3/8/2020,654644,112,154,36771,591,0,25,2,7,0.0,2080,34500
156,4/8/2020,654646,115,152,36768,591,0,31,1,8,0.0,2081,34531
157,5/8/2020,654639,111,161,36769,592,0,27,3,9,0.0,2084,34558
158,6/8/2020,654644,118,155,36761,594,0,27,1,8,0.0,2085,34585
159,7/8/2020,654637,118,155,36766,596,0,32,1,7,0.0,2086,34617
160,8/8/2020,654630,127,153,36766,596,0,35,2,9,0.0,2088,34652
161,9/8/2020,654632,120,162,36762,596,0,26,1,10,0.0,2089,34678
162,10/8/2020,654630,123,169,36754,596,0,33,1,11,0.0,2090,34711
163,11/8/2020,654647,111,169,36748,597,0,23,1,10,0.0,2091,34734
164,12/8/2020,654648,120,161,36746,597,0,34,1,10,0.0,2092,34768
165,13/8/2020,654653,124,165,36732,598,0,34,1,9,0.0,2093,34802
166,14/8/2020,654656,134,162,36721,599,0,30,0,8,0.0,2093,34832
167,15/8/2020,654643,150,172,36708,599,0,51,2,8,0.0,2095,34883
168,16/8/2020,654632,169,181,36691,599,0,56,0,7,0.0,2095,34939
169,17/8/2020,654636,179,184,36674,599,0,43,1,7,0.0,2096,34982
170,18/8/2020,654610,192,186,36685,599,0,55,2,8,0.0,2098,35037
171,19/8/2020,654583,210,210,36670,599,0,67,3,11,0.0,2101,35104
172,20/8/2020,654573,209,231,36660,599,0,46,2,12,0.0,2103,35150
173,21/8/2020,654562,202,263,36646,599,0,58,2,12,0.0,2105,35208
174,22/8/2020,654551,212,270,36640,599,0,67,1,13,0.0,2106,35275
175,23/8/2020,654537,227,271,36638,599,0,60,1,13,0.0,2107,35335
176,24/8/2020,654526,236,298,36612,600,0,70,0,12,0.0,2107,35405
177,25/8/2020,654519,236,315,36600,602,0,64,2,12,0.0,2109,35469
178,26/8/2020,654499,262,317,36592,602,0,74,1,12,0.0,2110,35543
179,27/8/2020,654465,295,323,36586,603,0,82,1,11,0.0,2111,35625
180,28/8/2020,654439,301,329,36600,603,0,78,2,12,0.0,2113,35703
181,29/8/2020,654432,283,360,36593,604,0,69,4,15,0.0,2117,35772
182,30/8/2020,654420,287,380,36581,604,0,73,2,16,0.0,2119,35845
183,31/8/2020,654425,285,398,36560,604,0,67,4,18,0.0,2123,35912
184,1/9/2020,654418,289,404,36556,605,0,69,3,20,0.0,2126,35981
185,2/9/2020,654412,311,397,36546,606,0,80,5,23,0.0,2131,36061
186,3/9/2020,654389,308,412,36556,607,0,83,2,21,0.0,2133,36144
187,4/9/2020,654388,296,429,36552,607,0,65,2,22,0.0,2135,36209
188,5/9/2020,654388,274,437,36566,607,0,58,3,23,0.0,2138,36267
189,6/9/2020,654406,276,423,36559,608,0,58,4,24,0.0,2142,36325
190,7/9/2020,654416,285,405,36558,608,0,66,3,24,0.0,2145,36391
191,8/9/2020,654428,279,409,36546,610,0,71,3,22,0.0,2148,36462
192,9/9/2020,654455,254,420,36533,610,0,61,4,22,0.0,2152,36523
193,10/9/2020,654486,257,404,36515,610,0,63,3,23,0.0,2155,36586
194,11/9/2020,654501,263,377,36520,611,0,69,12,32,0.0,2167,36655
195,12/9/2020,654532,275,361,36492,612,0,70,1,32,0.0,2168,36725
196,13/9/2020,654554,251,395,36459,613,0,60,3,33,0.0,2171,36785
197,14/9/2020,654574,249,396,36440,613,0,65,2,33,0.0,2173,36850
198,15/9/2020,654574,282,397,36406,613,0,93,1,32,0.0,2174,36943
199,16/9/2020,654581,299,395,36384,613,0,79,2,30,0.0,2176,37022
200,17/9/2020,654601,321,385,36350,615,0,78,3,31,0.0,2179,37100
201,18/9/2020,654629,317,393,36316,617,0,79,5,31,0.0,2184,37179
202,19/9/2020,654651,324,389,36288,620,0,77,3,30,0.0,2187,37256
203,20/9/2020,654680,304,426,36239,623,0,82,2,27,0.0,2189,37338
204,21/9/2020,654686,314,430,36215,627,0,89,3,24,0.0,2192,37427
205,22/9/2020,654709,319,445,36171,628,0,88,1,21,0.0,2193,37515
206,23/9/2020,654749,324,441,36130,628,0,66,4,22,0.0,2197,37581
207,24/9/2020,654791,312,440,36101,628,0,73,3,22,0.0,2200,37654
208,25/9/2020,654822,317,455,36050,628,0,83,2,24,0.0,2202,37737
209,26/9/2020,654870,316,465,35993,628,0,79,4,27,0.0,2206,37816
210,27/9/2020,654907,297,458,35981,629,0,60,1,24,0.0,2207,37876
211,28/9/2020,654961,286,438,35958,629,0,55,4,26,0.0,2211,37931
212,29/9/2020,655020,275,439,35906,632,0,59,6,28,0.0,2217,37990
213,30/9/2020,655072,268,420,35877,635,0,63,5,26,0.0,2222,38053
214,1/10/2020,655130,258,423,35825,636,0,69,3,25,0.0,2225,38122
215,2/10/2020,655192,240,415,35789,636,0,52,2,26,0.0,2227,38174
216,3/10/2020,655255,222,412,35744,639,0,65,4,26,0.0,2231,38239
217,4/10/2020,655305,253,396,35678,640,0,87,1,25,0.0,2232,38326
218,5/10/2020,655360,271,372,35628,641,0,72,6,25,0.0,2238,38398
219,6/10/2020,655412,296,363,35559,642,0,81,5,26,0.0,2243,38479
220,7/10/2020,655469,291,373,35496,643,0,68,4,27,0.0,2247,38547
221,8/10/2020,655549,291,389,35400,643,0,64,3,30,0.0,2250,38611
222,9/10/2020,655598,303,380,35347,644,0,74,4,30,0.0,2254,38685
223,10/10/2020,655659,291,383,35295,644,0,68,2,30,0.0,2256,38753
224,11/10/2020,655710,310,373,35234,645,0,87,1,27,0.0,2257,38840
225,12/10/2020,655793,297,388,35146,648,0,62,1,23,0.0,2258,38902
226,13/10/2020,655841,321,398,35063,649,0,97,1,19,0.0,2259,38999
227,14/10/2020,655912,318,402,34991,649,0,80,4,19,0.0,2263,39079
228,15/10/2020,655974,331,412,34906,649,0,80,6,23,0.0,2269,39159
229,16/10/2020,656043,333,425,34822,649,0,79,2,24,0.0,2271,39238
230,17/10/2020,656092,341,436,34754,649,0,93,4,25,0.0,2275,39331
231,18/10/2020,656172,349,442,34659,650,0,96,2,23,0.0,2277,39427
232,19/10/2020,656226,367,445,34583,651,0,101,2,22,0.0,2279,39528
233,20/10/2020,656304,369,464,34482,653,0,104,3,23,0.0,2282,39632
234,21/10/2020,656396,365,491,34366,654,0,93,5,26,0.0,2287,39725
235,22/10/2020,656468,369,500,34280,655,0,85,2,24,0.0,2289,39810
236,23/10/2020,656552,377,516,34172,655,0,99,3,26,0.0,2292,39909
237,24/10/2020,656619,385,526,34086,656,0,106,2,25,0.0,2294,40015
238,25/10/2020,656699,395,524,33997,657,0,99,2,24,0.0,2296,40114
239,26/10/2020,656767,411,534,33902,658,0,109,4,25,0.0,2300,40223
240,27/10/2020,656816,426,523,33849,658,0,105,3,23,0.0,2303,40328
241,28/10/2020,656876,414,554,33768,660,0,112,3,23,0.0,2306,40440
242,29/10/2020,656895,449,562,33705,661,0,131,1,22,0.0,2307,40571
243,30/10/2020,656955,465,580,33610,662,0,124,4,23,0.0,2311,40695
244,31/10/2020,657018,471,583,33536,664,0,101,7,26,0.0,2318,40796
245,1/11/2020,657085,475,598,33450,664,0,117,0,25,0.0,2318,40913
246,2/11/2020,657100,503,608,33397,664,0,139,3,25,0.0,2321,41052
247,3/11/2020,657138,521,630,33319,664,0,142,5,27,0.0,2326,41194
248,4/11/2020,657167,526,660,33255,664,0,131,3,30,0.0,2329,41325
249,5/11/2020,657188,538,673,33208,665,0,153,0,25,0.0,2329,41478
250,6/11/2020,657212,573,683,33137,667,0,162,2,23,0.0,2331,41640
251,7/11/2020,657249,576,709,33071,667,0,138,4,25,0.0,2335,41778
252,8/11/2020,657300,566,723,33016,667,0,136,4,26,0.0,2339,41914
253,9/11/2020,657348,576,739,32942,667,0,147,6,29,0.0,2345,42061
254,10/11/2020,657368,601,774,32861,668,0,173,7,32,0.0,2352,42234
255,11/11/2020,657397,604,806,32795,670,0,157,7,36,0.0,2359,42391
256,12/11/2020,657408,634,817,32740,673,0,184,6,38,0.0,2365,42575
257,13/11/2020,657405,670,824,32700,673,0,176,4,39,0.0,2369,42751
258,14/11/2020,657376,711,840,32672,673,0,201,3,39,0.0,2372,42952
259,15/11/2020,657368,726,867,32636,675,0,186,6,39,0.0,2378,43138
260,16/11/2020,657379,735,931,32551,676,0,188,6,41,0.0,2384,43326
261,17/11/2020,657392,752,967,32484,677,0,201,8,44,0.0,2392,43527
262,18/11/2020,657406,792,982,32413,679,0,216,4,45,0.0,2396,43743
263,19/11/2020,657383,795,1036,32379,679,0,206,7,45,0.0,2403,43949
264,20/11/2020,657318,869,1039,32364,682,0,254,11,49,0.0,2414,44203
265,21/11/2020,657277,930,1038,32344,683,0,247,7,49,0.0,2421,44450
266,22/11/2020,657272,924,1072,32320,684,0,216,5,51,0.0,2426,44666
267,23/11/2020,657199,975,1116,32296,686,0,264,7,53,0.0,2433,44930
268,24/11/2020,657141,991,1180,32271,689,0,262,5,54,0.0,2438,45192
269,25/11/2020,657046,1006,1256,32270,694,0,284,9,52,0.0,2447,45476
270,26/11/2020,656978,1025,1283,32289,697,0,270,8,52,0.0,2455,45746
271,27/11/2020,656890,1090,1321,32271,700,0,293,9,57,0.0,2464,46039
272,28/11/2020,656811,1139,1338,32282,702,0,298,13,65,0.0,2477,46337
273,29/11/2020,656653,1207,1385,32324,703,0,326,15,75,0.0,2492,46663
274,30/11/2020,656515,1259,1464,32326,708,0,338,6,71,0.0,2498,47001
275,1/12/2020,656326,1331,1537,32368,710,0,378,10,75,0.0,2508,47379
276,2/12/2020,653038,1419,1607,32407,711,3090,412,11,78,0.0,2519,47791
277,3/12/2020,649851,1424,1707,32484,712,6094,375,8,81,0.0,2527,48166
278,4/12/2020,646627,1543,1747,32532,713,9110,432,17,92,0.0,2544,48598
279,5/12/2020,643354,1659,1844,32586,716,12113,469,14,99,0.0,2558,49067
280,6/12/2020,640047,1757,1971,32652,717,15128,494,10,102,0.0,2568,49561
281,7/12/2020,636754,1877,2065,32751,719,18106,519,11,103,0.0,2579,50080
282,8/12/2020,633433,1982,2166,32886,726,21079,536,17,97,0.0,2596,50616
283,9/12/2020,630101,2054,2311,33007,731,24068,537,11,98,0.0,2607,51153
284,10/12/2020,626745,2141,2484,33156,732,27014,603,18,106,0.0,2625,51756
285,11/12/2020,623310,2256,2594,33366,736,30010,634,17,112,0.0,2642,52390
286,12/12/2020,619824,2444,2697,33570,738,32999,694,11,109,0.0,2653,53084
287,13/12/2020,616464,2583,2826,33765,741,35893,700,14,110,0.0,2667,53784
288,14/12/2020,612922,2726,2964,34000,742,38918,712,12,116,0.0,2679,54496
289,15/12/2020,609308,2855,3098,34303,744,41964,757,17,125,0.0,2696,55253
290,16/12/2020,605722,2944,3294,34606,749,44957,778,27,129,0.0,2723,56031
291,17/12/2020,602003,3085,3523,34907,757,47997,881,19,131,0.0,2742,56912
292,18/12/2020,598351,3244,3686,35249,762,50980,868,25,143,0.0,2767,57780
293,19/12/2020,594628,3370,3844,35682,763,53985,905,24,156,0.0,2791,58685
294,20/12/2020,590761,3595,4003,36122,768,57023,1010,25,163,0.0,2816,59695
295,21/12/2020,586959,3764,4212,36528,776,60033,1010,25,166,0.0,2841,60705
296,22/12/2020,583042,3986,4321,37049,780,63094,1045,26,177,0.0,2867,61750
297,23/12/2020,579125,4099,4560,37558,788,66142,1063,28,179,0.0,2895,62813
298,24/12/2020,575234,4210,4856,38075,794,69103,1127,23,176,0.0,2918,63940
299,25/12/2020,571178,4380,5066,38683,798,72167,1184,31,192,0.0,2949,65124
300,26/12/2020,567219,4507,5272,39376,803,75095,1208,29,204,0.0,2978,66332
301,27/12/2020,563083,4737,5544,39998,808,78102,1322,32,217,0.0,3010,67654
302,28/12/2020,558964,4957,5759,40681,813,81098,1320,38,234,0.0,3048,68974
303,29/12/2020,554804,5122,6018,41428,820,84080,1365,42,248,0.0,3090,70339
304,30/12/2020,550592,5249,6254,42281,825,87071,1398,40,258,0.0,3130,71737
305,31/12/2020,546310,5548,6472,43056,838,90048,1507,39,270,0.0,3169,73244
306,1/1/2021,541942,5800,6752,43867,844,93067,1551,39,281,0.0,3208,74795
307,2/1/2021,537558,5991,7002,44811,849,96061,1590,30,274,0.0,3238,76385
308,3/1/2021,533140,6112,7310,45762,854,99094,1565,43,291,0.0,3281,77950
309,4/1/2021,528641,6347,7565,46759,859,102101,1675,49,307,0.0,3330,79625
310,5/1/2021,524187,6465,7884,47799,865,105072,1649,52,321,0.0,3382,81274
311,6/1/2021,519729,6605,8180,48886,871,108001,1753,43,320,0.0,3425,83027
312,7/1/2021,515213,6797,8425,50046,876,110915,1775,49,334,0.0,3474,84802
313,8/1/2021,510469,7098,8660,51246,878,113921,1923,50,356,0.0,3524,86725
314,9/1/2021,505791,7253,8916,52497,885,116930,1837,58,377,0.0,3582,88562
315,10/1/2021,501043,7477,9184,53784,894,119890,1957,53,387,0.0,3635,90519
316,11/1/2021,496317,7642,9485,55056,906,122866,1970,61,402,0.0,3696,92489
317,12/1/2021,491487,7743,9841,56381,917,125903,1982,56,410,0.0,3752,94471
318,13/1/2021,486674,7872,10066,57884,922,128854,2037,71,443,0.0,3823,96508
319,14/1/2021,481853,7940,10283,59412,932,131852,2028,68,465,0.0,3891,98536
320,15/1/2021,476993,8064,10444,61006,943,134822,2075,58,467,0.0,3949,100611
