#time,date,susceptible,exposed,infectious,recovered,dead,immune,num infections today,num hospitalisations today,hospital bed occupancy,num hospitalisations today (data),cum num hospitalisations today,cum num infections today
1,2/3/2020,688815,1505,1170,835,0,0,405,4,19,0.0,4,405
2,3/3/2020,688334,1647,1363,981,0,0,481,1,18,0.0,5,886
3,4/3/2020,687794,1796,1577,1157,1,0,540,2,16,0.0,7,1426
4,5/3/2020,687129,2052,1759,1384,1,0,665,3,17,0.0,10,2091
5,6/3/2020,686420,2318,1948,1638,1,0,709,9,22,0.0,19,2800
6,7/3/2020,685644,2596,2138,1946,1,0,776,12,32,0.0,31,3576
7,8/3/2020,684734,2911,2443,2235,2,0,910,10,39,0.0,41,4486
8,9/3/2020,683688,3319,2716,2600,2,0,1046,8,45,0.0,49,5532
9,10/3/2020,682608,3628,3057,3028,4,0,1081,12,53,0.0,61,6613
10,11/3/2020,681383,4041,3481,3415,5,0,1225,14,66,0.0,75,7838
11,12/3/2020,680064,4456,3856,3944,5,0,1319,10,73,0.0,85,9157
12,13/3/2020,679105,4401,4338,4472,9,0,960,22,90,0.0,107,10117
13,14/3/2020,677971,4474,4765,5105,10,0,1134,21,106,0.0,128,11251
14,15/3/2020,676771,4543,5177,5823,11,0,1200,21,122,0.0,149,12451
15,16/3/2020,675470,4734,5548,6560,13,0,1301,24,136,0.0,173,13752
16,17/3/2020,674399,4679,5800,7431,16,0,1071,44,167,0.0,217,14823
17,18/3/2020,673245,4692,6049,8314,25,0,1154,31,181,0.0,248,15977
18,19/3/2020,672048,4662,6312,9274,29,0,1197,29,196,0.0,277,17174
19,20/3/2020,670771,4801,6406,10315,32,0,1277,42,224,0.0,319,18451
20,21/3/2020,669824,4577,6516,11372,36,0,947,47,261,0.0,366,19398
21,22/3/2020,668860,4357,6577,12488,43,0,964,50,285,0.0,416,20362
22,23/3/2020,667887,4201,6577,13610,50,0,973,55,313,0.0,471,21335
23,24/3/2020,667423,3586,6572,14681,63,0,464,56,332,0.0,527,21799
24,25/3/2020,666937,3065,6463,15788,72,0,486,55,353,0.0,582,22285
25,26/3/2020,666492,2626,6243,16882,82,0,446,58,377,0.0,640,22731
26,27/3/2020,666051,2269,5930,17984,91,0,441,58,401,0.0,698,23172
27,28/3/2020,665622,2033,5482,19083,105,0,429,62,432,0.0,760,23601
28,29/3/2020,665216,1865,4987,20135,122,0,406,68,451,0.0,828,24007
29,30/3/2020,664863,1701,4528,21100,133,0,353,75,471,0.0,903,24360
30,31/3/2020,664528,1570,4098,21978,151,0,335,60,471,0.0,963,24695
31,1/4/2020,664217,1427,3735,22777,169,0,311,59,481,0.0,1022,25006
32,2/4/2020,663971,1280,3429,23464,181,0,246,61,485,0.0,1083,25252
33,3/4/2020,663716,1197,3170,24049,193,0,256,59,496,0.0,1142,25508
34,4/4/2020,663501,1107,2869,24644,204,0,215,59,511,0.0,1201,25723
35,5/4/2020,663294,1010,2632,25174,215,0,207,51,502,0.0,1252,25930
36,6/4/2020,663104,913,2440,25633,235,0,190,40,468,0.0,1292,26120
37,7/4/2020,662898,878,2241,26053,255,0,206,33,438,0.0,1325,26326
38,8/4/2020,662718,800,2087,26443,277,0,180,32,399,0.0,1357,26506
39,9/4/2020,662572,752,1863,26840,298,0,146,27,359,0.0,1384,26652
40,10/4/2020,662421,709,1720,27159,316,0,151,38,343,0.0,1422,26803
41,11/4/2020,662298,669,1575,27453,330,0,124,29,320,0.0,1451,26927
42,12/4/2020,662163,630,1459,27729,344,0,135,21,300,0.0,1472,27062
43,13/4/2020,662029,579,1347,28012,358,0,135,14,256,0.0,1486,27197
44,14/4/2020,661917,532,1254,28250,372,0,112,19,231,0.0,1505,27309
45,15/4/2020,661804,512,1162,28465,382,0,113,20,224,0.0,1525,27422
46,16/4/2020,661708,458,1108,28661,390,0,98,12,201,0.0,1537,27520
47,17/4/2020,661618,422,1020,28868,397,0,90,12,185,0.0,1549,27610
48,18/4/2020,661526,410,937,29049,403,0,93,14,172,0.0,1563,27703
49,19/4/2020,661448,369,882,29209,417,0,78,11,152,0.0,1574,27781
50,20/4/2020,661361,359,812,29369,424,0,87,19,140,0.0,1593,27868
51,21/4/2020,661301,336,752,29508,428,0,60,13,128,0.0,1606,27928
52,22/4/2020,661239,302,720,29628,436,0,62,11,120,0.0,1617,27990
53,23/4/2020,661202,267,665,29750,441,0,37,15,118,0.0,1632,28027
54,24/4/2020,661157,226,622,29874,446,0,45,10,108,0.0,1642,28072
55,25/4/2020,661104,200,600,29970,451,0,53,5,98,0.0,1647,28125
56,26/4/2020,661076,180,525,30089,455,0,28,6,88,0.0,1653,28153
57,27/4/2020,661042,163,479,30183,458,0,35,5,84,0.0,1658,28188
58,28/4/2020,661003,156,447,30259,460,0,39,10,78,0.0,1668,28227
59,29/4/2020,660975,139,397,30351,463,0,29,9,69,0.0,1677,28256
60,30/4/2020,660940,148,345,30427,465,0,35,5,63,0.0,1682,28291
61,1/5/2020,660922,126,317,30492,468,0,18,2,54,0.0,1684,28309
62,2/5/2020,660900,112,294,30544,475,0,22,5,45,0.0,1689,28331
63,3/5/2020,660874,110,258,30607,476,0,26,5,43,0.0,1694,28357
64,4/5/2020,660856,95,249,30648,477,0,18,4,43,0.0,1698,28375
65,5/5/2020,660843,87,227,30691,477,0,13,4,40,0.0,1702,28388
66,6/5/2020,660829,67,206,30743,480,0,14,5,33,0.0,1707,28402
67,7/5/2020,660812,65,177,30791,480,0,17,2,32,0.0,1709,28419
68,8/5/2020,660799,63,156,30826,481,0,13,5,33,0.0,1714,28432
69,9/5/2020,660785,55,151,30852,482,0,14,4,32,0.0,1718,28446
70,10/5/2020,660768,64,129,30880,484,0,17,2,27,0.0,1720,28463
71,11/5/2020,660751,64,126,30900,484,0,17,2,25,0.0,1722,28480
72,12/5/2020,660740,60,116,30925,484,0,11,5,29,0.0,1727,28491
73,13/5/2020,660734,44,121,30941,485,0,6,0,24,0.0,1727,28497
74,14/5/2020,660721,45,116,30958,485,0,13,2,24,0.0,1729,28510
75,15/5/2020,660716,38,112,30972,487,0,5,5,26,0.0,1734,28515
76,16/5/2020,660705,39,91,30999,491,0,12,0,14,0.0,1734,28527
77,17/5/2020,660694,41,84,31015,491,0,11,2,15,0.0,1736,28538
78,18/5/2020,660686,37,82,31029,491,0,8,1,11,0.0,1737,28546
79,19/5/2020,660680,32,80,31042,491,0,6,0,11,0.0,1737,28552
80,20/5/2020,660671,32,69,31061,492,0,9,1,10,0.0,1738,28561
81,21/5/2020,660659,36,63,31074,493,0,12,0,8,0.0,1738,28573
82,22/5/2020,660649,35,63,31085,493,0,10,1,8,0.0,1739,28583
83,23/5/2020,660639,35,63,31095,493,0,10,0,8,0.0,1739,28593
84,24/5/2020,660632,34,57,31109,493,0,7,1,6,0.0,1740,28600
85,25/5/2020,660629,30,56,31114,496,0,4,0,2,0.0,1740,28604
86,26/5/2020,660617,37,48,31127,496,0,12,0,2,0.0,1740,28616
87,27/5/2020,660616,24,56,31133,496,0,1,1,3,0.0,1741,28617
88,28/5/2020,660614,23,53,31139,496,0,2,2,4,0.0,1743,28619
89,29/5/2020,660612,19,49,31149,496,0,2,1,5,0.0,1744,28621
90,30/5/2020,660605,23,43,31158,496,0,8,0,5,0.0,1744,28629
91,31/5/2020,660598,24,41,31166,496,0,7,0,5,0.0,1744,28636
92,1/6/2020,660591,25,40,31173,496,0,8,1,5,0.0,1745,28644
93,2/6/2020,660583,26,39,31181,496,0,8,1,6,0.0,1746,28652
94,3/6/2020,660580,25,37,31187,496,0,3,2,7,0.0,1748,28655
95,4/6/2020,660575,21,45,31188,496,0,7,0,7,0.0,1748,28662
96,5/6/2020,660568,22,49,31190,496,0,7,1,8,0.0,1749,28669
97,6/6/2020,660554,32,43,31200,496,0,14,1,9,0.0,1750,28683
98,7/6/2020,660546,36,42,31204,497,0,11,0,7,0.0,1750,28694
99,8/6/2020,660538,37,42,31211,497,0,8,1,7,0.0,1751,28702
100,9/6/2020,660535,32,46,31215,497,0,3,0,6,0.0,1751,28705
101,10/6/2020,660529,25,55,31219,497,0,7,0,5,0.0,1751,28712
102,11/6/2020,660522,21,59,31226,497,0,8,0,4,0.0,1751,28720
103,12/6/2020,660518,21,53,31236,497,0,4,0,3,0.0,1751,28724
104,13/6/2020,660507,29,50,31242,497,0,13,0,2,0.0,1751,28737
105,14/6/2020,660502,29,47,31250,497,0,5,1,3,0.0,1752,28742
106,15/6/2020,660498,30,38,31262,497,0,5,0,2,0.0,1752,28747
107,16/6/2020,660486,35,36,31270,498,0,12,1,2,0.0,1753,28759
108,17/6/2020,660483,35,36,31273,498,0,7,0,2,0.0,1753,28766
109,18/6/2020,660474,36,39,31278,498,0,11,0,2,0.0,1753,28777
110,19/6/2020,660470,31,41,31285,498,0,6,0,1,0.0,1753,28783
111,20/6/2020,660459,34,47,31286,499,0,12,0,0,0.0,1753,28795
112,21/6/2020,660456,26,55,31289,499,0,4,0,0,0.0,1753,28799
113,22/6/2020,660447,32,53,31294,499,0,12,0,0,0.0,1753,28811
114,23/6/2020,660440,32,53,31301,499,0,7,0,0,0.0,1753,28818
115,24/6/2020,660436,32,53,31305,499,0,7,2,2,0.0,1755,28825
116,25/6/2020,660433,31,52,31310,499,0,6,0,2,0.0,1755,28831
117,26/6/2020,660426,33,48,31319,499,0,8,0,2,0.0,1755,28839
118,27/6/2020,660423,29,50,31324,499,0,6,0,2,0.0,1755,28845
119,28/6/2020,660422,27,49,31328,499,0,7,0,2,0.0,1755,28852
120,29/6/2020,660412,36,39,31339,499,0,13,0,2,0.0,1755,28865
121,30/6/2020,660403,37,41,31345,499,0,9,2,4,0.0,1757,28874
122,1/7/2020,660400,35,43,31348,499,0,6,0,4,0.0,1757,28880
123,2/7/2020,660388,42,45,31351,499,0,13,1,4,0.0,1758,28893
124,3/7/2020,660384,37,48,31357,499,0,5,1,4,0.0,1759,28898
125,4/7/2020,660377,38,49,31362,499,0,9,0,4,0.0,1759,28907
126,5/7/2020,660372,36,53,31365,499,0,10,0,4,0.0,1759,28917
127,6/7/2020,660366,35,58,31367,499,0,10,1,5,0.0,1760,28927
128,7/7/2020,660363,37,54,31372,499,0,7,1,6,0.0,1761,28934
129,8/7/2020,660357,41,47,31379,501,0,9,1,5,0.0,1762,28943
130,9/7/2020,660354,42,46,31382,501,0,12,0,4,0.0,1762,28955
131,10/7/2020,660351,43,43,31387,501,0,8,1,5,0.0,1763,28963
132,11/7/2020,660341,46,51,31386,501,0,16,0,5,0.0,1763,28979
133,12/7/2020,660333,49,53,31389,501,0,13,1,6,0.0,1764,28992
134,13/7/2020,660335,54,52,31382,502,0,11,0,5,0.0,1764,29003
135,14/7/2020,660330,48,60,31385,502,0,12,1,5,0.0,1765,29015
136,15/7/2020,660324,50,59,31390,502,0,13,0,3,0.0,1765,29028
137,16/7/2020,660316,53,64,31390,502,0,14,0,3,0.0,1765,29042
138,17/7/2020,660303,69,66,31385,502,0,26,1,4,0.0,1766,29068
139,18/7/2020,660294,77,65,31387,502,0,21,0,4,0.0,1766,29089
140,19/7/2020,660280,87,64,31392,502,0,21,0,4,0.0,1766,29110
141,20/7/2020,660270,96,61,31395,503,0,23,0,3,0.0,1766,29133
142,21/7/2020,660247,101,77,31397,503,0,28,0,2,0.0,1766,29161
143,22/7/2020,660242,89,89,31402,503,0,16,0,1,0.0,1766,29177
144,23/7/2020,660222,99,95,31406,503,0,29,1,1,0.0,1767,29206
145,24/7/2020,660226,95,102,31399,503,0,13,1,2,0.0,1768,29219
146,25/7/2020,660210,102,105,31405,503,0,27,0,2,0.0,1768,29246
147,26/7/2020,660184,118,110,31410,503,0,39,0,2,0.0,1768,29285
148,27/7/2020,660183,108,115,31416,503,0,15,2,4,0.0,1770,29300
149,28/7/2020,660166,111,119,31426,503,0,30,0,4,0.0,1770,29330
150,29/7/2020,660155,111,123,31433,503,0,24,0,4,0.0,1770,29354
151,30/7/2020,660157,95,132,31438,503,0,16,5,8,0.0,1775,29370
152,31/7/2020,660146,96,144,31436,503,0,30,1,9,0.0,1776,29400
153,1/8/2020,660135,107,139,31440,504,0,30,2,9,0.0,1778,29430
154,2/8/2020,660127,114,140,31440,504,0,26,0,8,0.0,1778,29456
155,3/8/2020,660123,111,137,31450,504,0,20,0,8,0.0,1778,29476
156,4/8/2020,660117,98,148,31458,504,0,26,2,10,0.0,1780,29502
157,5/8/2020,660106,109,138,31467,505,0,31,2,11,0.0,1782,29533
158,6/8/2020,660089,122,142,31467,505,0,37,2,10,0.0,1784,29570
159,7/8/2020,660080,127,148,31465,505,0,34,0,10,0.0,1784,29604
160,8/8/2020,660073,125,156,31465,506,0,33,1,9,0.0,1785,29637
161,9/8/2020,660060,130,152,31475,508,0,31,1,8,0.0,1786,29668
162,10/8/2020,660055,122,167,31472,509,0,27,3,10,0.0,1789,29695
163,11/8/2020,660040,133,164,31479,509,0,40,3,12,0.0,1792,29735
164,12/8/2020,660034,128,173,31481,509,0,32,1,12,0.0,1793,29767
165,13/8/2020,660026,137,180,31472,510,0,38,1,11,0.0,1794,29805
166,14/8/2020,660028,137,180,31470,510,0,34,2,12,0.0,1796,29839
167,15/8/2020,659982,176,180,31477,510,0,67,0,11,0.0,1796,29906
168,16/8/2020,659953,197,190,31475,510,0,54,2,12,0.0,1798,29960
169,17/8/2020,659933,211,204,31467,510,0,57,2,14,0.0,1800,30017
170,18/8/2020,659904,226,218,31467,510,0,60,0,14,0.0,1800,30077
171,19/8/2020,659894,224,248,31449,510,0,50,3,16,0.0,1803,30127
172,20/8/2020,659864,223,262,31464,512,0,56,2,15,0.0,1805,30183
173,21/8/2020,659843,228,283,31459,512,0,63,3,17,0.0,1808,30246
174,22/8/2020,659842,209,295,31467,512,0,37,3,16,0.0,1811,30283
175,23/8/2020,659819,219,307,31468,512,0,67,1,17,0.0,1812,30350
176,24/8/2020,659805,230,303,31473,514,0,56,5,20,0.0,1817,30406
177,25/8/2020,659786,225,317,31483,514,0,59,1,20,0.0,1818,30465
178,26/8/2020,659773,245,301,31489,517,0,60,2,18,0.0,1820,30525
179,27/8/2020,659744,262,309,31492,518,0,74,2,19,0.0,1822,30599
180,28/8/2020,659742,261,335,31469,518,0,61,1,18,0.0,1823,30660
181,29/8/2020,659726,281,336,31464,518,0,79,1,18,0.0,1824,30739
182,30/8/2020,659710,278,353,31465,519,0,65,1,17,0.0,1825,30804
183,31/8/2020,659694,282,368,31461,520,0,75,4,19,0.0,1829,30879
184,1/9/2020,659651,315,381,31458,520,0,98,2,20,0.0,1831,30977
185,2/9/2020,659662,298,386,31458,521,0,48,5,22,0.0,1836,31025
186,3/9/2020,659647,294,375,31488,521,0,61,2,23,0.0,1838,31086
187,4/9/2020,659646,286,385,31486,522,0,65,2,22,0.0,1840,31151
188,5/9/2020,659652,263,397,31490,523,0,56,5,22,0.0,1845,31207
189,6/9/2020,659665,250,385,31502,523,0,45,4,25,0.0,1849,31252
190,7/9/2020,659670,254,380,31497,524,0,67,2,23,0.0,1851,31319
191,8/9/2020,659684,239,381,31497,524,0,60,1,22,0.0,1852,31379
192,9/9/2020,659671,253,379,31496,526,0,80,3,21,0.0,1855,31459
193,10/9/2020,659676,250,375,31498,526,0,73,2,21,0.0,1857,31532
194,11/9/2020,659678,265,345,31510,527,0,71,2,19,0.0,1859,31603
195,12/9/2020,659670,288,335,31504,528,0,73,6,23,0.0,1865,31676
196,13/9/2020,659671,276,357,31492,529,0,63,5,21,0.0,1870,31739
197,14/9/2020,659699,265,371,31460,530,0,54,3,22,0.0,1873,31793
198,15/9/2020,659721,248,380,31446,530,0,54,7,25,0.0,1880,31847
199,16/9/2020,659733,254,395,31413,530,0,75,0,24,0.0,1880,31922
200,17/9/2020,659738,272,397,31387,531,0,84,2,24,0.0,1882,32006
201,18/9/2020,659755,288,395,31356,531,0,74,2,25,0.0,1884,32080
202,19/9/2020,659762,293,405,31332,533,0,78,5,28,0.0,1889,32158
203,20/9/2020,659739,316,405,31333,532,0,82,0,26,0.0,1889,32240
204,21/9/2020,659740,324,430,31299,532,0,94,6,31,0.0,1895,32334
205,22/9/2020,659736,320,433,31299,537,0,75,2,25,0.0,1897,32409
206,23/9/2020,659780,306,425,31276,538,0,55,3,23,0.0,1900,32464
207,24/9/2020,659815,280,450,31242,538,0,65,5,26,0.0,1905,32529
208,25/9/2020,659854,261,461,31211,538,0,60,4,28,0.0,1909,32589
209,26/9/2020,659870,261,468,31187,539,0,74,5,30,0.0,1914,32663
210,27/9/2020,659905,257,459,31163,541,0,55,10,36,0.0,1924,32718
211,28/9/2020,659947,261,443,31131,543,0,60,4,37,0.0,1928,32778
212,29/9/2020,659973,263,435,31110,544,0,66,6,39,0.0,1934,32844
213,30/9/2020,660008,248,432,31093,544,0,52,4,41,0.0,1938,32896
214,1/10/2020,660071,227,426,31056,545,0,37,2,39,0.0,1940,32933
215,2/10/2020,660122,214,403,31040,546,0,58,4,35,0.0,1944,32991
216,3/10/2020,660164,204,395,31015,547,0,56,4,35,0.0,1948,33047
217,4/10/2020,660202,205,392,30978,548,0,65,5,34,0.0,1953,33112
218,5/10/2020,660244,233,356,30942,550,0,65,6,35,0.0,1959,33177
219,6/10/2020,660309,236,340,30889,551,0,55,2,35,0.0,1961,33232
220,7/10/2020,660349,253,340,30828,555,0,73,3,30,0.0,1964,33305
221,8/10/2020,660414,238,353,30764,556,0,56,2,30,0.0,1966,33361
222,9/10/2020,660465,249,353,30701,557,0,65,2,27,0.0,1968,33426
223,10/10/2020,660532,258,354,30623,558,0,67,2,25,0.0,1970,33493
224,11/10/2020,660593,256,363,30554,559,0,64,1,23,0.0,1971,33557
225,12/10/2020,660658,264,347,30496,560,0,58,4,22,0.0,1975,33615
226,13/10/2020,660711,255,361,30437,561,0,63,2,23,0.0,1977,33678
227,14/10/2020,660788,247,360,30366,564,0,57,3,22,0.0,1980,33735
228,15/10/2020,660849,242,352,30316,566,0,62,2,17,0.0,1982,33797
229,16/10/2020,660928,251,353,30227,566,0,60,3,19,0.0,1985,33857
230,17/10/2020,661011,255,344,30149,566,0,54,4,20,0.0,1989,33911
231,18/10/2020,661102,239,363,30055,566,0,52,2,18,0.0,1991,33963
232,19/10/2020,661166,241,372,29979,567,0,70,1,18,0.0,1992,34033
233,20/10/2020,661229,238,379,29912,567,0,66,6,21,0.0,1998,34099
234,21/10/2020,661291,240,383,29844,567,0,68,3,24,0.0,2001,34167
235,22/10/2020,661377,242,381,29757,568,0,60,3,22,0.0,2004,34227
236,23/10/2020,661433,248,383,29691,570,0,61,4,24,0.0,2008,34288
237,24/10/2020,661519,270,377,29589,570,0,76,1,24,0.0,2009,34364
238,25/10/2020,661600,273,372,29510,570,0,70,6,28,0.0,2015,34434
239,26/10/2020,661674,273,389,29419,570,0,72,6,30,0.0,2021,34506
240,27/10/2020,661735,266,382,29371,571,0,65,2,29,0.0,2023,34571
241,28/10/2020,661797,282,376,29298,572,0,76,4,31,0.0,2027,34647
242,29/10/2020,661880,295,384,29193,573,0,79,5,33,0.0,2032,34726
243,30/10/2020,661977,302,388,29083,575,0,73,2,28,0.0,2034,34799
244,31/10/2020,662066,314,402,28967,576,0,76,6,31,0.0,2040,34875
245,1/11/2020,662116,314,431,28887,577,0,91,4,34,0.0,2044,34966
246,2/11/2020,662163,344,420,28820,578,0,99,7,34,0.0,2051,35065
247,3/11/2020,662199,362,431,28755,578,0,103,4,32,0.0,2055,35168
248,4/11/2020,662260,366,448,28673,578,0,97,1,31,0.0,2056,35265
249,5/11/2020,662354,366,456,28569,580,0,83,1,27,0.0,2057,35348
250,6/11/2020,662394,394,484,28471,582,0,121,2,25,0.0,2059,35469
251,7/11/2020,662433,427,489,28393,583,0,119,4,24,0.0,2063,35588
252,8/11/2020,662480,443,503,28315,584,0,113,6,27,0.0,2069,35701
253,9/11/2020,662517,452,536,28236,584,0,123,8,33,0.0,2077,35824
254,10/11/2020,662564,479,542,28153,587,0,119,3,31,0.0,2080,35943
255,11/11/2020,662601,489,581,28066,588,0,133,2,28,0.0,2082,36076
256,12/11/2020,662611,528,608,27989,589,0,149,4,29,0.0,2086,36225
257,13/11/2020,662642,538,638,27918,589,0,133,2,29,0.0,2088,36358
258,14/11/2020,662638,562,659,27877,589,0,153,4,29,0.0,2092,36511
259,15/11/2020,662664,557,687,27827,590,0,127,7,31,0.0,2099,36638
260,16/11/2020,662656,592,707,27780,590,0,176,3,32,0.0,2102,36814
261,17/11/2020,662646,639,720,27728,592,0,180,5,33,0.0,2107,36994
262,18/11/2020,662642,653,759,27676,595,0,164,7,34,0.0,2114,37158
263,19/11/2020,662617,687,783,27642,596,0,186,3,34,0.0,2117,37344
264,20/11/2020,662556,727,831,27614,597,0,217,9,37,0.0,2126,37561
265,21/11/2020,662564,726,865,27573,597,0,170,4,38,0.0,2130,37731
266,22/11/2020,662535,753,882,27558,597,0,186,4,39,0.0,2134,37917
267,23/11/2020,662491,772,918,27545,599,0,192,9,43,0.0,2143,38109
268,24/11/2020,662449,774,967,27533,602,0,205,5,44,0.0,2148,38314
269,25/11/2020,662390,807,994,27532,602,0,222,9,49,0.0,2157,38536
270,26/11/2020,662309,851,1033,27527,605,0,242,6,51,0.0,2163,38778
271,27/11/2020,662262,894,1062,27499,608,0,230,4,44,0.0,2167,39008
272,28/11/2020,662205,954,1112,27445,609,0,264,8,50,0.0,2175,39272
273,29/11/2020,662126,982,1153,27455,609,0,247,9,56,0.0,2184,39519
274,30/11/2020,662038,1007,1190,27477,613,0,260,9,53,0.0,2193,39779
275,1/12/2020,661942,1021,1236,27509,617,0,253,7,51,0.0,2200,40032
276,2/12/2020,658843,1066,1307,27512,618,2979,297,4,50,0.0,2204,40329
277,3/12/2020,655687,1117,1352,27554,621,5994,311,10,55,0.0,2214,40640
278,4/12/2020,652522,1179,1362,27612,622,9028,303,10,58,0.0,2224,40943
279,5/12/2020,649340,1238,1444,27674,623,12006,349,6,60,0.0,2230,41292
280,6/12/2020,646096,1310,1545,27726,627,15021,392,8,59,0.0,2238,41684
281,7/12/2020,642881,1387,1579,27842,629,18007,377,10,62,0.0,2248,42061
282,8/12/2020,639599,1448,1661,27908,635,21074,398,19,72,0.0,2267,42459
283,9/12/2020,636338,1543,1721,27994,637,24092,424,15,80,0.0,2282,42883
284,10/12/2020,633097,1601,1826,28096,641,27064,422,9,82,0.0,2291,43305
285,11/12/2020,629714,1762,1889,28215,642,30103,502,11,88,0.0,2302,43807
286,12/12/2020,626439,1825,2010,28347,645,33059,495,14,94,0.0,2316,44302
287,13/12/2020,623050,1902,2140,28492,648,36093,533,20,104,0.0,2336,44835
288,14/12/2020,619626,1990,2288,28648,650,39123,566,20,110,0.0,2356,45401
289,15/12/2020,616112,2124,2422,28818,654,42195,608,16,115,0.0,2372,46009
290,16/12/2020,612647,2262,2530,29050,656,45180,634,12,118,0.0,2384,46643
291,17/12/2020,609218,2371,2691,29228,660,48157,641,23,130,0.0,2407,47284
292,18/12/2020,605627,2537,2824,29502,663,51172,716,19,139,0.0,2426,48000
293,19/12/2020,602034,2685,2966,29769,668,54203,746,16,141,0.0,2442,48746
294,20/12/2020,598366,2826,3159,30038,672,57264,791,27,159,0.0,2469,49537
295,21/12/2020,594751,2974,3328,30362,675,60235,801,7,146,0.0,2476,50338
296,22/12/2020,591011,3137,3506,30708,682,63281,874,27,152,0.0,2503,51212
297,23/12/2020,587189,3335,3702,31074,686,66339,945,25,154,0.0,2528,52157
298,24/12/2020,583368,3439,3935,31476,690,69417,924,19,156,0.0,2547,53081
299,25/12/2020,579577,3643,4082,31945,693,72385,986,21,157,0.0,2568,54067
300,26/12/2020,575670,3839,4293,32385,701,75437,1038,19,157,0.0,2587,55105
301,27/12/2020,571820,3959,4559,32893,703,78391,1080,31,166,0.0,2618,56185
302,28/12/2020,567803,4163,4776,33469,707,81407,1163,39,189,0.0,2657,57348
303,29/12/2020,563817,4382,4941,34057,709,84419,1158,28,201,0.0,2685,58506
304,30/12/2020,559710,4555,5227,34686,713,87434,1257,26,206,0.0,2711,59763
305,31/12/2020,555428,4803,5430,35397,721,90546,1340,33,217,0.0,2744,61103
306,1/1/2021,551267,5114,5715,36046,725,93458,1420,28,226,0.0,2772,62523
307,2/1/2021,547015,5350,5932,36812,733,96483,1388,34,234,0.0,2806,63911
308,3/1/2021,542777,5432,6271,37580,737,99528,1371,29,237,0.0,2835,65282
309,4/1/2021,538374,5554,6556,38483,746,102612,1476,46,253,0.0,2881,66758
310,5/1/2021,533967,5781,6845,39363,750,105619,1556,39,269,0.0,2920,68314
311,6/1/2021,529498,5967,7162,40302,763,108633,1594,29,258,0.0,2949,69908
312,7/1/2021,524975,6278,7386,41305,775,111606,1702,53,275,0.0,3002,71610
313,8/1/2021,520460,6430,7644,42391,784,114616,1670,45,285,0.0,3047,73280
314,9/1/2021,515844,6621,7962,43477,792,117629,1762,45,297,0.0,3092,75042
315,10/1/2021,511231,6815,8255,44616,798,120610,1799,42,306,0.0,3134,76841
316,11/1/2021,506678,6838,8584,45798,808,123619,1725,42,312,0.0,3176,78566
317,12/1/2021,501945,7118,8730,47061,814,126657,1846,43,319,0.0,3219,80412
318,13/1/2021,497256,7268,9024,48308,823,129646,1865,51,334,0.0,3270,82277
319,14/1/2021,492531,7428,9235,49675,831,132625,1889,60,360,0.0,3330,84166
320,15/1/2021,487769,7597,9483,51015,844,135617,1927,54,383,0.0,3384,86093
