#time,date,susceptible,exposed,infectious,recovered,dead,immune,num infections today,num hospitalisations today,hospital bed occupancy,num hospitalisations today (data),cum num hospitalisations today,cum num infections today
1,2/3/2020,689619,1880,1375,872,0,0,522,6,23,0.0,6,522
2,3/3/2020,689003,2072,1627,1044,0,0,616,5,28,0.0,11,1138
3,4/3/2020,688314,2278,1880,1273,1,0,689,8,33,0.0,19,1827
4,5/3/2020,687468,2594,2155,1528,1,0,846,8,41,0.0,27,2673
5,6/3/2020,686539,2961,2434,1811,1,0,929,7,47,0.0,34,3602
6,7/3/2020,685533,3347,2723,2140,3,0,1006,7,51,0.0,41,4608
7,8/3/2020,684332,3801,3096,2512,5,0,1201,14,63,0.0,55,5809
8,9/3/2020,683074,4246,3435,2986,5,0,1258,16,76,0.0,71,7067
9,10/3/2020,681678,4689,3860,3512,7,0,1396,10,78,0.0,81,8463
10,11/3/2020,680208,5127,4343,4057,11,0,1470,20,87,0.0,101,9933
11,12/3/2020,678477,5674,4931,4653,11,0,1731,14,99,0.0,115,11664
12,13/3/2020,677162,5677,5535,5358,14,0,1315,19,109,0.0,134,12979
13,14/3/2020,675704,5784,6071,6173,14,0,1458,26,126,0.0,160,14437
14,15/3/2020,674101,5959,6621,7046,19,0,1604,26,137,0.0,186,16041
15,16/3/2020,672300,6327,7075,8022,22,0,1801,33,156,0.0,219,17842
16,17/3/2020,670952,6183,7423,9162,26,0,1348,40,181,0.0,259,19190
17,18/3/2020,669590,5975,7859,10291,31,0,1362,42,207,0.0,301,20552
18,19/3/2020,668049,6012,8059,11592,34,0,1541,46,244,0.0,347,22093
19,20/3/2020,666565,6016,8243,12883,39,0,1484,49,269,0.0,396,23577
20,21/3/2020,665445,5568,8466,14223,44,0,1120,67,316,0.0,463,24697
21,22/3/2020,664307,5216,8541,15632,50,0,1138,60,347,0.0,523,25835
22,23/3/2020,663110,5058,8434,17087,57,0,1197,70,387,0.0,593,27032
23,24/3/2020,662531,4311,8367,18472,65,0,579,61,420,0.0,654,27611
24,25/3/2020,661972,3633,8136,19932,73,0,559,68,446,0.0,722,28170
25,26/3/2020,661434,3092,7747,21394,79,0,538,66,474,0.0,788,28708
26,27/3/2020,660909,2731,7282,22733,91,0,525,68,487,0.0,856,29233
27,28/3/2020,660360,2457,6715,24113,101,0,549,89,522,0.0,945,29782
28,29/3/2020,659866,2288,6103,25367,122,0,494,90,557,0.0,1035,30276
29,30/3/2020,659431,2122,5510,26545,138,0,436,56,554,0.0,1091,30712
30,31/3/2020,659015,2004,4947,27629,151,0,417,83,582,0.0,1174,31129
31,1/4/2020,658632,1844,4555,28545,170,0,383,81,591,0.0,1255,31512
32,2/4/2020,658320,1649,4171,29421,185,0,313,74,598,0.0,1329,31825
33,3/4/2020,658033,1479,3853,30177,204,0,287,76,606,0.0,1405,32112
34,4/4/2020,657735,1359,3539,30881,232,0,298,68,592,0.0,1473,32410
35,5/4/2020,657447,1284,3255,31510,250,0,288,55,564,0.0,1528,32698
36,6/4/2020,657196,1188,3002,32093,267,0,251,57,546,0.0,1585,32949
37,7/4/2020,656988,1107,2762,32597,292,0,208,44,510,0.0,1629,33157
38,8/4/2020,656788,1004,2549,33091,314,0,201,46,487,0.0,1675,33358
39,9/4/2020,656569,969,2351,33525,332,0,220,42,465,0.0,1717,33578
40,10/4/2020,656374,880,2196,33946,350,0,195,30,427,0.0,1747,33773
41,11/4/2020,656236,779,2017,34343,371,0,139,30,393,0.0,1777,33912
42,12/4/2020,656094,708,1823,34732,389,0,142,26,353,0.0,1803,34054
43,13/4/2020,655958,666,1656,35062,404,0,136,29,322,0.0,1832,34190
44,14/4/2020,655833,600,1551,35341,421,0,125,28,296,0.0,1860,34315
45,15/4/2020,655708,559,1422,35624,433,0,125,25,267,0.0,1885,34440
46,16/4/2020,655601,520,1313,35870,442,0,107,22,252,0.0,1907,34547
47,17/4/2020,655501,481,1207,36102,455,0,100,29,243,0.0,1936,34647
48,18/4/2020,655410,442,1134,36296,464,0,92,29,236,0.0,1965,34739
49,19/4/2020,655314,433,1049,36477,473,0,96,20,230,0.0,1985,34835
50,20/4/2020,655236,397,967,36662,484,0,78,19,210,0.0,2004,34913
51,21/4/2020,655161,368,881,36841,495,0,75,20,194,0.0,2024,34988
52,22/4/2020,655092,357,809,36985,503,0,69,7,177,0.0,2031,35057
53,23/4/2020,655052,307,737,37138,512,0,40,14,160,0.0,2045,35097
54,24/4/2020,655002,270,675,37274,525,0,51,4,141,0.0,2049,35148
55,25/4/2020,654953,235,637,37385,536,0,49,11,127,0.0,2060,35197
56,26/4/2020,654923,197,581,37501,544,0,30,11,114,0.0,2071,35227
57,27/4/2020,654880,180,527,37609,550,0,43,8,100,0.0,2079,35270
58,28/4/2020,654847,168,476,37700,555,0,33,9,94,0.0,2088,35303
59,29/4/2020,654822,151,427,37785,561,0,25,8,88,0.0,2096,35328
60,30/4/2020,654787,149,370,37878,562,0,35,5,75,0.0,2101,35363
61,1/5/2020,654764,122,352,37942,566,0,23,5,66,0.0,2106,35386
62,2/5/2020,654736,119,313,38009,569,0,28,5,58,0.0,2111,35414
63,3/5/2020,654715,115,265,38078,573,0,21,8,56,0.0,2119,35435
64,4/5/2020,654698,104,239,38129,576,0,18,2,48,0.0,2121,35453
65,5/5/2020,654678,95,219,38172,582,0,20,4,42,0.0,2125,35473
66,6/5/2020,654664,89,211,38200,582,0,15,5,43,0.0,2130,35488
67,7/5/2020,654650,80,195,38236,585,0,14,7,44,0.0,2137,35502
68,8/5/2020,654635,66,180,38277,588,0,15,2,40,0.0,2139,35517
69,9/5/2020,654625,55,174,38304,588,0,10,1,41,0.0,2140,35527
70,10/5/2020,654612,55,153,38338,588,0,13,3,37,0.0,2143,35540
71,11/5/2020,654600,52,142,38360,592,0,12,1,28,0.0,2144,35552
72,12/5/2020,654588,54,122,38389,593,0,12,2,27,0.0,2146,35564
73,13/5/2020,654568,63,106,38414,595,0,20,2,24,0.0,2148,35584
74,14/5/2020,654555,60,108,38428,595,0,13,4,26,0.0,2152,35597
75,15/5/2020,654540,62,101,38448,595,0,15,0,25,0.0,2152,35612
76,16/5/2020,654529,55,98,38468,596,0,11,3,23,0.0,2155,35623
77,17/5/2020,654519,54,95,38481,597,0,10,3,22,0.0,2158,35633
78,18/5/2020,654508,52,102,38486,598,0,11,1,21,0.0,2159,35644
79,19/5/2020,654493,46,109,38500,598,0,15,2,22,0.0,2161,35659
80,20/5/2020,654483,41,105,38517,600,0,10,1,19,0.0,2162,35669
81,21/5/2020,654471,43,98,38533,601,0,12,0,15,0.0,2162,35681
82,22/5/2020,654463,41,91,38549,602,0,8,2,13,0.0,2164,35689
83,23/5/2020,654455,38,86,38565,602,0,8,2,14,0.0,2166,35697
84,24/5/2020,654448,35,80,38580,603,0,9,1,13,0.0,2167,35706
85,25/5/2020,654442,35,71,38595,603,0,7,0,11,0.0,2167,35713
86,26/5/2020,654438,33,62,38610,603,0,5,0,8,0.0,2167,35718
87,27/5/2020,654433,29,59,38621,604,0,6,1,7,0.0,2168,35724
88,28/5/2020,654425,28,56,38633,604,0,9,1,8,0.0,2169,35733
89,29/5/2020,654413,35,47,38645,606,0,13,2,7,0.0,2171,35746
90,30/5/2020,654406,33,49,38652,606,0,7,1,6,0.0,2172,35753
91,31/5/2020,654395,35,47,38663,606,0,11,1,6,0.0,2173,35764
92,1/6/2020,654393,30,42,38675,606,0,2,0,6,0.0,2173,35766
93,2/6/2020,654386,29,45,38680,606,0,8,0,6,0.0,2173,35774
94,3/6/2020,654382,24,48,38686,606,0,4,0,5,0.0,2173,35778
95,4/6/2020,654372,27,43,38698,606,0,10,0,5,0.0,2173,35788
96,5/6/2020,654362,29,49,38700,606,0,11,0,5,0.0,2173,35799
97,6/6/2020,654354,30,48,38708,606,0,8,0,4,0.0,2173,35807
98,7/6/2020,654350,27,48,38715,606,0,4,0,2,0.0,2173,35811
99,8/6/2020,654343,27,42,38728,606,0,7,0,1,0.0,2173,35818
100,9/6/2020,654335,27,44,38734,606,0,9,0,1,0.0,2173,35827
101,10/6/2020,654333,21,41,38745,606,0,2,1,2,0.0,2174,35829
102,11/6/2020,654325,25,41,38749,606,0,9,0,1,0.0,2174,35838
103,12/6/2020,654320,27,38,38755,606,0,7,0,1,0.0,2174,35845
104,13/6/2020,654312,28,41,38759,606,0,9,0,1,0.0,2174,35854
105,14/6/2020,654308,22,46,38764,606,0,5,1,2,0.0,2175,35859
106,15/6/2020,654300,26,43,38771,606,0,9,1,3,0.0,2176,35868
107,16/6/2020,654292,31,32,38785,606,0,8,1,4,0.0,2177,35876
108,17/6/2020,654289,28,35,38788,606,0,6,0,4,0.0,2177,35882
109,18/6/2020,654281,34,37,38788,606,0,11,0,3,0.0,2177,35893
110,19/6/2020,654272,37,39,38792,606,0,10,0,3,0.0,2177,35903
111,20/6/2020,654267,41,37,38795,606,0,6,0,3,0.0,2177,35909
112,21/6/2020,654259,44,41,38795,607,0,10,0,2,0.0,2177,35919
113,22/6/2020,654250,35,53,38801,607,0,10,0,2,0.0,2177,35929
114,23/6/2020,654241,40,48,38810,607,0,11,0,2,0.0,2177,35940
115,24/6/2020,654232,42,53,38812,607,0,13,0,2,0.0,2177,35953
116,25/6/2020,654221,37,67,38814,607,0,12,1,3,0.0,2178,35965
117,26/6/2020,654211,39,70,38819,607,0,12,3,6,0.0,2181,35977
118,27/6/2020,654202,44,69,38824,607,0,13,0,5,0.0,2181,35990
119,28/6/2020,654190,48,70,38831,607,0,12,1,5,0.0,2182,36002
120,29/6/2020,654182,49,71,38837,607,0,10,2,7,0.0,2184,36012
121,30/6/2020,654179,45,73,38841,608,0,7,0,5,0.0,2184,36019
122,1/7/2020,654175,38,75,38850,608,0,8,1,6,0.0,2185,36027
123,2/7/2020,654166,43,70,38859,608,0,13,2,8,0.0,2187,36040
124,3/7/2020,654159,47,70,38862,608,0,12,1,9,0.0,2188,36052
125,4/7/2020,654154,44,75,38864,609,0,11,2,9,0.0,2190,36063
126,5/7/2020,654150,44,71,38872,609,0,12,0,9,0.0,2190,36075
127,6/7/2020,654143,42,72,38880,609,0,12,0,9,0.0,2190,36087
128,7/7/2020,654143,44,69,38881,609,0,12,0,7,0.0,2190,36099
129,8/7/2020,654138,41,71,38887,609,0,8,2,9,0.0,2192,36107
130,9/7/2020,654129,46,68,38894,609,0,13,1,9,0.0,2193,36120
131,10/7/2020,654129,43,69,38896,609,0,10,0,7,0.0,2193,36130
132,11/7/2020,654123,40,71,38902,610,0,11,0,5,0.0,2193,36141
133,12/7/2020,654116,45,69,38906,610,0,15,0,4,0.0,2193,36156
134,13/7/2020,654116,46,61,38913,610,0,10,0,3,0.0,2193,36166
135,14/7/2020,654121,39,65,38911,610,0,7,1,3,0.0,2194,36173
136,15/7/2020,654106,52,61,38917,610,0,22,1,4,0.0,2195,36195
137,16/7/2020,654098,58,62,38918,610,0,15,0,4,0.0,2195,36210
138,17/7/2020,654096,64,65,38911,610,0,17,0,4,0.0,2195,36227
139,18/7/2020,654081,71,70,38912,612,0,23,0,2,0.0,2195,36250
140,19/7/2020,654081,69,77,38907,612,0,13,0,2,0.0,2195,36263
141,20/7/2020,654072,71,81,38910,612,0,23,1,3,0.0,2196,36286
142,21/7/2020,654066,77,87,38903,613,0,22,2,4,0.0,2198,36308
143,22/7/2020,654057,81,94,38901,613,0,23,2,6,0.0,2200,36331
144,23/7/2020,654042,95,95,38901,613,0,31,1,7,0.0,2201,36362
145,24/7/2020,654039,89,102,38903,613,0,15,2,9,0.0,2203,36377
146,25/7/2020,654022,93,111,38907,613,0,28,1,9,0.0,2204,36405
147,26/7/2020,654012,101,116,38904,613,0,27,0,8,0.0,2204,36432
148,27/7/2020,654014,96,126,38897,613,0,17,0,8,0.0,2204,36449
149,28/7/2020,654003,95,137,38898,613,0,29,0,7,0.0,2204,36478
150,29/7/2020,653987,93,154,38899,613,0,29,1,8,0.0,2205,36507
151,30/7/2020,653991,99,153,38888,615,0,23,3,9,0.0,2208,36530
152,31/7/2020,653987,101,151,38891,616,0,24,1,9,0.0,2209,36554
153,1/8/2020,653980,104,144,38902,616,0,26,1,10,0.0,2210,36580
154,2/8/2020,653989,100,130,38909,618,0,17,2,9,0.0,2212,36597
155,3/8/2020,653986,99,140,38903,618,0,29,1,9,0.0,2213,36626
156,4/8/2020,653980,102,140,38906,618,0,32,2,11,0.0,2215,36658
157,5/8/2020,653970,120,139,38899,618,0,36,3,12,0.0,2218,36694
158,6/8/2020,653961,121,149,38895,620,0,38,0,8,0.0,2218,36732
159,7/8/2020,653952,125,154,38895,620,0,32,1,9,0.0,2219,36764
160,8/8/2020,653936,135,163,38892,620,0,38,1,9,0.0,2220,36802
161,9/8/2020,653959,128,164,38875,620,0,22,1,10,0.0,2221,36824
162,10/8/2020,653974,116,175,38861,620,0,22,2,9,0.0,2223,36846
163,11/8/2020,653954,127,179,38866,620,0,43,1,9,0.0,2224,36889
164,12/8/2020,653971,121,178,38856,620,0,27,4,13,0.0,2228,36916
165,13/8/2020,653957,143,169,38857,620,0,41,0,12,0.0,2228,36957
166,14/8/2020,653958,146,177,38845,620,0,38,3,14,0.0,2231,36995
167,15/8/2020,653943,160,188,38835,620,0,54,1,14,0.0,2232,37049
168,16/8/2020,653940,176,186,38822,622,0,45,2,12,0.0,2234,37094
169,17/8/2020,653942,165,203,38811,625,0,45,2,10,0.0,2236,37139
170,18/8/2020,653928,175,211,38807,625,0,51,1,11,0.0,2237,37190
171,19/8/2020,653935,173,239,38773,626,0,52,1,11,0.0,2238,37242
172,20/8/2020,653928,190,244,38758,626,0,56,0,10,0.0,2238,37298
173,21/8/2020,653919,206,245,38749,627,0,61,0,6,0.0,2238,37359
174,22/8/2020,653926,225,248,38720,627,0,53,3,8,0.0,2241,37412
175,23/8/2020,653924,231,267,38696,628,0,62,3,9,0.0,2244,37474
176,24/8/2020,653933,229,272,38684,628,0,38,1,8,0.0,2245,37512
177,25/8/2020,653910,225,298,38685,628,0,63,0,7,0.0,2245,37575
178,26/8/2020,653907,216,329,38666,628,0,61,2,9,0.0,2247,37636
179,27/8/2020,653899,230,323,38666,628,0,63,1,10,0.0,2248,37699
180,28/8/2020,653893,245,320,38660,628,0,64,1,10,0.0,2249,37763
181,29/8/2020,653889,257,314,38658,628,0,61,1,11,0.0,2250,37824
182,30/8/2020,653903,246,338,38629,630,0,61,6,14,0.0,2256,37885
183,31/8/2020,653924,247,336,38607,632,0,63,4,14,0.0,2260,37948
184,1/9/2020,653922,265,339,38588,632,0,75,3,17,0.0,2263,38023
185,2/9/2020,653918,267,340,38588,633,0,67,2,17,0.0,2265,38090
186,3/9/2020,653910,279,338,38586,633,0,68,6,23,0.0,2271,38158
187,4/9/2020,653931,253,366,38560,636,0,62,4,22,0.0,2275,38220
188,5/9/2020,653956,246,384,38523,637,0,65,5,25,0.0,2280,38285
189,6/9/2020,653973,256,382,38498,637,0,66,5,30,0.0,2285,38351
190,7/9/2020,653980,268,391,38469,638,0,78,3,29,0.0,2288,38429
191,8/9/2020,653976,268,398,38465,639,0,68,2,30,0.0,2290,38497
192,9/9/2020,653984,275,395,38453,639,0,73,2,30,0.0,2292,38570
193,10/9/2020,654010,275,403,38417,641,0,72,5,32,0.0,2297,38642
194,11/9/2020,654011,270,409,38413,643,0,66,3,28,0.0,2300,38708
195,12/9/2020,654025,275,409,38394,643,0,77,4,29,0.0,2304,38785
196,13/9/2020,654047,277,406,38371,645,0,68,5,30,0.0,2309,38853
197,14/9/2020,654082,277,416,38327,644,0,70,5,32,0.0,2314,38923
198,15/9/2020,654062,302,413,38324,645,0,97,3,31,0.0,2317,39020
199,16/9/2020,654077,317,411,38295,646,0,83,7,33,0.0,2324,39103
200,17/9/2020,654123,319,408,38250,646,0,71,4,33,0.0,2328,39174
201,18/9/2020,654171,302,425,38201,647,0,71,4,32,0.0,2332,39245
202,19/9/2020,654184,286,446,38181,649,0,79,2,30,0.0,2334,39324
203,20/9/2020,654203,299,443,38151,650,0,80,3,30,0.0,2337,39404
204,21/9/2020,654230,307,448,38111,650,0,74,5,33,0.0,2342,39478
205,22/9/2020,654251,322,438,38084,651,0,87,6,33,0.0,2348,39565
206,23/9/2020,654278,314,448,38054,652,0,78,5,34,0.0,2353,39643
207,24/9/2020,654282,342,440,38030,652,0,91,3,33,0.0,2356,39734
208,25/9/2020,654349,305,449,37989,654,0,52,4,34,0.0,2360,39786
209,26/9/2020,654416,278,450,37947,655,0,50,2,33,0.0,2362,39836
210,27/9/2020,654477,249,438,37926,656,0,47,1,31,0.0,2363,39883
211,28/9/2020,654537,228,438,37887,656,0,52,5,33,0.0,2368,39935
212,29/9/2020,654604,211,424,37848,659,0,46,5,34,0.0,2373,39981
213,30/9/2020,654683,203,410,37790,660,0,47,4,33,0.0,2377,40028
214,1/10/2020,654771,204,378,37731,662,0,53,5,32,0.0,2382,40081
215,2/10/2020,654830,214,357,37683,662,0,57,5,32,0.0,2387,40138
216,3/10/2020,654922,207,353,37602,662,0,46,6,38,0.0,2393,40184
217,4/10/2020,655007,223,341,37512,663,0,65,3,38,0.0,2396,40249
218,5/10/2020,655095,221,358,37408,664,0,57,5,38,0.0,2401,40306
219,6/10/2020,655187,216,342,37335,666,0,48,2,34,0.0,2403,40354
220,7/10/2020,655301,228,336,37212,669,0,61,2,30,0.0,2405,40415
221,8/10/2020,655397,213,351,37115,670,0,50,5,32,0.0,2410,40465
222,9/10/2020,655486,215,339,37034,672,0,52,4,32,0.0,2414,40517
223,10/10/2020,655564,214,346,36948,674,0,55,5,30,0.0,2419,40572
224,11/10/2020,655662,211,350,36848,675,0,58,2,29,0.0,2421,40630
225,12/10/2020,655768,225,334,36742,677,0,69,5,29,0.0,2426,40699
226,13/10/2020,655858,251,335,36624,678,0,80,2,27,0.0,2428,40779
227,14/10/2020,655963,256,325,36521,681,0,58,3,24,0.0,2431,40837
228,15/10/2020,656080,259,323,36401,683,0,59,6,28,0.0,2437,40896
229,16/10/2020,656151,265,337,36309,684,0,63,2,26,0.0,2439,40959
230,17/10/2020,656233,243,371,36214,685,0,54,6,28,0.0,2445,41013
231,18/10/2020,656318,237,360,36146,685,0,60,6,32,0.0,2451,41073
232,19/10/2020,656432,240,363,36026,685,0,66,3,31,0.0,2454,41139
233,20/10/2020,656526,252,361,35922,685,0,69,2,28,0.0,2456,41208
234,21/10/2020,656608,256,369,35827,686,0,69,2,25,0.0,2458,41277
235,22/10/2020,656707,268,370,35715,686,0,76,1,22,0.0,2459,41353
236,23/10/2020,656816,286,364,35593,687,0,70,6,26,0.0,2465,41423
237,24/10/2020,656918,287,371,35482,688,0,68,1,26,0.0,2466,41491
238,25/10/2020,657005,290,364,35399,688,0,66,4,29,0.0,2470,41557
239,26/10/2020,657082,293,374,35308,689,0,74,4,28,0.0,2474,41631
240,27/10/2020,657202,295,396,35163,690,0,83,1,27,0.0,2475,41714
241,28/10/2020,657296,303,408,35048,691,0,82,3,26,0.0,2478,41796
242,29/10/2020,657382,318,401,34952,693,0,90,4,21,0.0,2482,41886
243,30/10/2020,657490,305,411,34846,694,0,65,4,20,0.0,2486,41951
244,31/10/2020,657589,306,418,34738,695,0,81,4,22,0.0,2490,42032
245,1/11/2020,657698,318,420,34615,695,0,83,4,24,0.0,2494,42115
246,2/11/2020,657807,301,453,34488,697,0,74,2,23,0.0,2496,42189
247,3/11/2020,657864,321,451,34412,698,0,90,4,26,0.0,2500,42279
248,4/11/2020,657976,340,455,34276,699,0,89,2,26,0.0,2502,42368
249,5/11/2020,658106,331,474,34136,699,0,79,7,30,0.0,2509,42447
250,6/11/2020,658170,353,491,34030,702,0,111,3,28,0.0,2512,42558
251,7/11/2020,658287,362,482,33912,703,0,81,3,28,0.0,2515,42639
252,8/11/2020,658401,367,489,33785,704,0,100,4,29,0.0,2519,42739
253,9/11/2020,658498,365,499,33680,704,0,97,3,28,0.0,2522,42836
254,10/11/2020,658600,395,488,33556,707,0,104,4,24,0.0,2526,42940
255,11/11/2020,658677,406,501,33455,707,0,107,7,29,0.0,2533,43047
256,12/11/2020,658784,422,520,33312,708,0,105,2,28,0.0,2535,43152
257,13/11/2020,658853,421,543,33221,708,0,105,3,29,0.0,2538,43257
258,14/11/2020,658983,408,558,33087,710,0,88,7,33,0.0,2545,43345
259,15/11/2020,659048,430,578,32980,710,0,131,3,34,0.0,2548,43476
260,16/11/2020,659138,453,599,32846,710,0,135,6,36,0.0,2554,43611
261,17/11/2020,659179,508,596,32753,710,0,155,2,33,0.0,2556,43766
262,18/11/2020,659289,512,613,32622,710,0,124,8,36,0.0,2564,43890
263,19/11/2020,659354,534,625,32521,712,0,140,4,38,0.0,2568,44030
264,20/11/2020,659418,551,670,32395,712,0,154,3,38,0.0,2571,44184
265,21/11/2020,659466,573,692,32303,712,0,149,3,34,0.0,2574,44333
266,22/11/2020,659539,608,721,32166,712,0,158,5,35,0.0,2579,44491
267,23/11/2020,659618,631,749,32036,712,0,164,1,31,0.0,2580,44655
268,24/11/2020,659640,638,776,31979,713,0,167,8,34,0.0,2588,44822
269,25/11/2020,659669,645,822,31896,714,0,171,7,36,0.0,2595,44993
270,26/11/2020,659676,703,832,31821,714,0,198,3,33,0.0,2598,45191
271,27/11/2020,659701,731,866,31733,715,0,197,6,36,0.0,2604,45388
272,28/11/2020,659701,778,907,31643,717,0,227,5,36,0.0,2609,45615
273,29/11/2020,659696,839,928,31565,718,0,233,5,40,0.0,2614,45848
274,30/11/2020,659701,871,958,31498,718,0,210,10,46,0.0,2624,46058
275,1/12/2020,659673,864,1040,31451,718,0,206,9,53,0.0,2633,46264
276,2/12/2020,656677,911,1085,31388,719,2966,264,12,58,0.0,2645,46528
277,3/12/2020,653731,945,1132,31351,723,5864,254,11,63,0.0,2656,46782
278,4/12/2020,650689,986,1182,31309,724,8856,264,7,67,0.0,2663,47046
279,5/12/2020,647622,1051,1199,31327,728,11819,298,10,68,0.0,2673,47344
280,6/12/2020,644404,1131,1256,31324,732,14899,319,8,70,0.0,2681,47663
281,7/12/2020,641289,1156,1326,31335,735,17905,290,5,68,0.0,2686,47953
282,8/12/2020,638134,1219,1414,31321,739,20919,348,11,74,0.0,2697,48301
283,9/12/2020,635040,1293,1483,31294,743,23893,355,15,77,0.0,2712,48656
284,10/12/2020,631874,1349,1584,31316,746,26877,382,8,78,0.0,2720,49038
285,11/12/2020,628769,1404,1642,31367,747,29817,370,8,80,0.0,2728,49408
286,12/12/2020,625537,1502,1690,31466,753,32798,444,13,81,0.0,2741,49852
287,13/12/2020,622276,1553,1825,31510,758,35824,420,11,81,0.0,2752,50272
288,14/12/2020,618996,1645,1872,31608,760,38865,425,9,84,0.0,2761,50697
289,15/12/2020,615706,1661,1978,31723,762,41916,427,14,87,0.0,2775,51124
290,16/12/2020,612363,1779,2049,31825,765,44965,492,16,89,0.0,2791,51616
291,17/12/2020,609078,1871,2190,31923,767,47917,528,20,100,0.0,2811,52144
292,18/12/2020,605814,1948,2299,32017,771,50897,525,13,104,0.0,2824,52669
293,19/12/2020,602475,2091,2377,32154,774,53875,582,14,108,0.0,2838,53251
294,20/12/2020,599066,2202,2419,32383,776,56900,581,20,113,0.0,2858,53832
295,21/12/2020,595671,2341,2550,32542,777,59865,646,18,120,0.0,2876,54478
296,22/12/2020,592166,2453,2696,32731,782,62918,688,26,129,0.0,2902,55166
297,23/12/2020,588637,2606,2804,32963,785,65951,699,24,139,0.0,2926,55865
298,24/12/2020,585050,2696,3002,33209,788,69001,729,17,148,0.0,2943,56594
299,25/12/2020,581471,2758,3220,33495,794,72008,760,24,155,0.0,2967,57354
300,26/12/2020,577819,2977,3354,33814,801,74981,871,14,154,0.0,2981,58225
301,27/12/2020,574143,3214,3515,34116,802,77956,907,22,168,0.0,3003,59132
302,28/12/2020,570410,3401,3670,34483,809,80973,920,24,170,0.0,3027,60052
303,29/12/2020,566656,3545,3882,34853,815,83995,940,17,166,0.0,3044,60992
304,30/12/2020,562829,3650,4142,35254,823,87048,984,24,163,0.0,3068,61976
305,31/12/2020,559006,3888,4338,35677,830,90007,1084,21,162,0.0,3089,63060
306,1/1/2021,555069,4095,4562,36153,836,93031,1105,19,162,0.0,3108,64165
307,2/1/2021,551132,4273,4773,36723,837,96008,1150,25,176,0.0,3133,65315
308,3/1/2021,547194,4395,5011,37295,839,99012,1137,24,177,0.0,3157,66452
309,4/1/2021,543048,4588,5273,37895,846,102096,1254,24,173,0.0,3181,67706
310,5/1/2021,538949,4810,5472,38591,852,105072,1329,30,185,0.0,3211,69035
311,6/1/2021,534949,4971,5638,39317,856,108015,1257,27,193,0.0,3238,70292
312,7/1/2021,530801,5144,5895,39987,862,111057,1313,23,196,0.0,3261,71605
313,8/1/2021,526562,5293,6141,40808,865,114077,1408,31,201,0.0,3292,73013
314,9/1/2021,522406,5413,6424,41595,871,117037,1396,31,211,0.0,3323,74409
315,10/1/2021,518106,5559,6654,42522,876,120029,1498,37,226,0.0,3360,75907
316,11/1/2021,513741,5766,6914,43387,883,123055,1533,38,228,0.0,3398,77440
317,12/1/2021,509357,5968,7118,44348,887,126068,1565,43,249,0.0,3441,79005
318,13/1/2021,505026,6060,7386,45325,887,129062,1544,41,268,0.0,3482,80549
319,14/1/2021,500629,6216,7608,46359,898,132036,1624,49,297,0.0,3531,82173
320,15/1/2021,496210,6345,7828,47435,904,135024,1628,39,300,0.0,3570,83801
