#time,date,susceptible,exposed,infectious,recovered,dead,immune,num infections today,num hospitalisations today,hospital bed occupancy,num hospitalisations today (data),cum num hospitalisations today,cum num infections today
1,2/3/2020,688128,1680,1304,917,1,0,463,8,25,0.0,8,463
2,3/3/2020,687548,1897,1518,1066,1,0,580,7,31,0.0,15,1043
3,4/3/2020,686903,2118,1735,1272,2,0,645,4,33,0.0,19,1688
4,5/3/2020,686173,2370,1982,1502,3,0,730,5,36,0.0,24,2418
5,6/3/2020,685313,2719,2190,1805,3,0,860,9,44,0.0,33,3278
6,7/3/2020,684362,3101,2441,2121,5,0,951,8,48,0.0,41,4229
7,8/3/2020,683301,3450,2792,2481,6,0,1062,15,59,0.0,56,5291
8,9/3/2020,682139,3856,3126,2903,6,0,1162,18,73,0.0,74,6453
9,10/3/2020,680873,4289,3490,3370,8,0,1266,12,80,0.0,86,7719
10,11/3/2020,679443,4760,3978,3839,10,0,1430,18,90,0.0,104,9149
11,12/3/2020,677862,5256,4487,4412,13,0,1582,14,97,0.0,118,10731
12,13/3/2020,676661,5338,4965,5048,18,0,1201,24,109,0.0,142,11932
13,14/3/2020,675347,5421,5504,5738,20,0,1314,21,117,0.0,163,13246
14,15/3/2020,673918,5502,6049,6540,21,0,1430,23,130,0.0,186,14676
15,16/3/2020,672312,5747,6501,7447,23,0,1606,23,144,0.0,209,16282
16,17/3/2020,671030,5597,6966,8410,27,0,1282,34,162,0.0,243,17564
17,18/3/2020,669683,5545,7238,9535,29,0,1347,37,189,0.0,280,18911
18,19/3/2020,668239,5602,7469,10690,30,0,1444,48,230,0.0,328,20355
19,20/3/2020,666842,5614,7640,11895,39,0,1397,50,257,0.0,378,21752
20,21/3/2020,665712,5329,7832,13113,44,0,1130,43,271,0.0,421,22882
21,22/3/2020,664546,5122,7860,14448,54,0,1166,71,316,0.0,492,24048
22,23/3/2020,663393,4960,7865,15751,61,0,1153,57,351,0.0,549,25201
23,24/3/2020,662849,4240,7770,17104,67,0,544,49,372,0.0,598,25745
24,25/3/2020,662305,3634,7618,18396,77,0,544,66,395,0.0,664,26289
25,26/3/2020,661811,3021,7381,19731,86,0,494,85,448,0.0,749,26783
26,27/3/2020,661269,2667,6965,21032,97,0,542,80,483,0.0,829,27325
27,28/3/2020,660807,2316,6494,22295,118,0,462,78,505,0.0,907,27787
28,29/3/2020,660339,2073,5948,23544,126,0,468,72,534,0.0,979,28255
29,30/3/2020,659937,1945,5300,24706,142,0,403,68,543,0.0,1047,28658
30,31/3/2020,659523,1860,4767,25717,163,0,414,64,545,0.0,1111,29072
31,1/4/2020,659166,1704,4342,26639,179,0,357,56,529,0.0,1167,29429
32,2/4/2020,658886,1563,3876,27509,196,0,280,80,543,0.0,1247,29709
33,3/4/2020,658620,1429,3540,28224,217,0,266,62,548,0.0,1309,29975
34,4/4/2020,658346,1298,3270,28876,240,0,274,53,519,0.0,1362,30249
35,5/4/2020,658100,1179,3047,29440,264,0,246,51,503,0.0,1413,30495
36,6/4/2020,657872,1085,2747,30041,285,0,228,52,479,0.0,1465,30723
37,7/4/2020,657659,1018,2506,30547,300,0,213,41,458,0.0,1506,30936
38,8/4/2020,657452,941,2342,30979,316,0,207,48,441,0.0,1554,31143
39,9/4/2020,657265,884,2163,31388,330,0,187,28,418,0.0,1582,31330
40,10/4/2020,657073,823,2034,31756,344,0,192,43,400,0.0,1625,31522
41,11/4/2020,656939,726,1877,32125,363,0,134,29,377,0.0,1654,31656
42,12/4/2020,656770,702,1700,32480,378,0,169,29,346,0.0,1683,31825
43,13/4/2020,656647,648,1569,32774,392,0,124,20,299,0.0,1703,31949
44,14/4/2020,656546,579,1456,33041,408,0,101,31,286,0.0,1734,32050
45,15/4/2020,656424,532,1349,33299,426,0,122,28,260,0.0,1762,32172
46,16/4/2020,656324,496,1236,33541,433,0,101,17,242,0.0,1779,32273
47,17/4/2020,656224,468,1150,33740,448,0,101,19,226,0.0,1798,32374
48,18/4/2020,656139,436,1045,33943,467,0,85,16,198,0.0,1814,32459
49,19/4/2020,656051,402,978,34122,477,0,88,17,185,0.0,1831,32547
50,20/4/2020,655967,366,931,34279,487,0,84,16,175,0.0,1847,32631
51,21/4/2020,655889,344,857,34442,498,0,78,18,161,0.0,1865,32709
52,22/4/2020,655810,338,787,34589,506,0,79,13,146,0.0,1878,32788
53,23/4/2020,655762,294,741,34722,511,0,48,10,134,0.0,1888,32836
54,24/4/2020,655687,293,686,34847,517,0,76,4,118,0.0,1892,32912
55,25/4/2020,655648,256,637,34969,520,0,39,12,112,0.0,1904,32951
56,26/4/2020,655612,205,627,35063,523,0,36,7,108,0.0,1911,32987
57,27/4/2020,655575,175,585,35164,531,0,37,8,94,0.0,1919,33024
58,28/4/2020,655517,187,528,35258,540,0,58,11,86,0.0,1930,33082
59,29/4/2020,655487,164,477,35358,544,0,30,4,75,0.0,1934,33112
60,30/4/2020,655451,155,435,35443,546,0,36,15,79,0.0,1949,33148
61,1/5/2020,655412,151,410,35508,549,0,39,7,76,0.0,1956,33187
62,2/5/2020,655387,137,388,35566,552,0,25,3,72,0.0,1959,33212
63,3/5/2020,655359,136,346,35634,555,0,28,8,72,0.0,1967,33240
64,4/5/2020,655334,116,324,35700,556,0,25,7,71,0.0,1974,33265
65,5/5/2020,655320,95,296,35757,562,0,14,6,64,0.0,1980,33279
66,6/5/2020,655303,88,271,35805,563,0,17,3,57,0.0,1983,33296
67,7/5/2020,655283,85,241,35856,565,0,20,3,48,0.0,1986,33316
68,8/5/2020,655253,96,224,35891,566,0,31,4,45,0.0,1990,33347
69,9/5/2020,655233,95,211,35924,567,0,20,6,46,0.0,1996,33367
70,10/5/2020,655212,96,193,35961,568,0,21,3,45,0.0,1999,33388
71,11/5/2020,655197,82,180,36002,569,0,15,3,40,0.0,2002,33403
72,12/5/2020,655174,86,162,36037,571,0,24,2,34,0.0,2004,33427
73,13/5/2020,655164,71,148,36075,572,0,10,0,28,0.0,2004,33437
74,14/5/2020,655156,56,139,36106,573,0,8,0,24,0.0,2004,33445
75,15/5/2020,655143,53,134,36126,574,0,13,1,22,0.0,2005,33458
76,16/5/2020,655132,54,114,36155,575,0,12,0,16,0.0,2005,33470
77,17/5/2020,655118,54,108,36174,576,0,14,2,13,0.0,2007,33484
78,18/5/2020,655110,42,101,36200,577,0,8,2,12,0.0,2009,33492
79,19/5/2020,655103,38,90,36221,578,0,9,2,11,0.0,2011,33501
80,20/5/2020,655089,41,88,36233,579,0,14,1,11,0.0,2012,33515
81,21/5/2020,655076,48,80,36247,579,0,14,0,8,0.0,2012,33529
82,22/5/2020,655066,49,75,36261,579,0,10,1,9,0.0,2013,33539
83,23/5/2020,655057,47,68,36279,579,0,9,0,6,0.0,2013,33548
84,24/5/2020,655049,41,74,36287,579,0,9,1,7,0.0,2014,33557
85,25/5/2020,655039,44,72,36296,579,0,10,3,10,0.0,2017,33567
86,26/5/2020,655022,45,77,36307,579,0,17,0,10,0.0,2017,33584
87,27/5/2020,655012,45,73,36321,579,0,10,1,10,0.0,2018,33594
88,28/5/2020,655001,46,73,36331,579,0,13,3,11,0.0,2021,33607
89,29/5/2020,654986,50,73,36340,581,0,15,0,9,0.0,2021,33622
90,30/5/2020,654977,47,72,36352,582,0,10,1,9,0.0,2022,33632
91,31/5/2020,654963,47,76,36361,583,0,16,2,8,0.0,2024,33648
92,1/6/2020,654955,43,79,36370,583,0,8,0,8,0.0,2024,33656
93,2/6/2020,654948,38,78,36382,584,0,7,2,8,0.0,2026,33663
94,3/6/2020,654948,30,79,36389,584,0,1,0,8,0.0,2026,33664
95,4/6/2020,654943,27,77,36399,584,0,6,0,7,0.0,2026,33670
96,5/6/2020,654936,27,76,36407,584,0,8,0,7,0.0,2026,33678
97,6/6/2020,654929,32,67,36418,584,0,9,0,4,0.0,2026,33687
98,7/6/2020,654925,27,67,36427,584,0,5,0,4,0.0,2026,33692
99,8/6/2020,654918,25,54,36449,584,0,7,2,5,0.0,2028,33699
100,9/6/2020,654912,29,44,36460,585,0,7,0,4,0.0,2028,33706
101,10/6/2020,654905,33,37,36470,585,0,9,0,4,0.0,2028,33715
102,11/6/2020,654903,29,38,36475,585,0,3,1,5,0.0,2029,33718
103,12/6/2020,654899,23,44,36479,585,0,4,0,4,0.0,2029,33722
104,13/6/2020,654895,14,50,36486,585,0,4,0,4,0.0,2029,33726
105,14/6/2020,654890,18,42,36495,585,0,5,0,2,0.0,2029,33731
106,15/6/2020,654878,27,39,36501,585,0,14,1,3,0.0,2030,33745
107,16/6/2020,654872,30,36,36507,585,0,8,0,3,0.0,2030,33753
108,17/6/2020,654863,36,34,36512,585,0,12,2,4,0.0,2032,33765
109,18/6/2020,654853,39,36,36517,585,0,11,0,4,0.0,2032,33776
110,19/6/2020,654848,35,37,36525,585,0,6,0,4,0.0,2032,33782
111,20/6/2020,654847,31,40,36527,585,0,5,0,4,0.0,2032,33787
112,21/6/2020,654840,29,45,36531,585,0,8,0,4,0.0,2032,33795
113,22/6/2020,654835,27,48,36535,585,0,5,0,3,0.0,2032,33800
114,23/6/2020,654828,29,44,36544,585,0,8,0,2,0.0,2032,33808
115,24/6/2020,654822,28,48,36547,585,0,8,1,3,0.0,2033,33816
116,25/6/2020,654815,30,42,36557,586,0,8,0,1,0.0,2033,33824
117,26/6/2020,654813,29,42,36560,586,0,6,1,2,0.0,2034,33830
118,27/6/2020,654813,29,39,36563,586,0,4,2,4,0.0,2036,33834
119,28/6/2020,654810,28,42,36564,586,0,7,0,4,0.0,2036,33841
120,29/6/2020,654805,32,41,36566,586,0,9,1,5,0.0,2037,33850
121,30/6/2020,654800,30,45,36569,586,0,6,0,4,0.0,2037,33856
122,1/7/2020,654790,37,43,36574,586,0,13,0,3,0.0,2037,33869
123,2/7/2020,654790,32,46,36576,586,0,7,1,4,0.0,2038,33876
124,3/7/2020,654781,39,39,36585,586,0,12,0,4,0.0,2038,33888
125,4/7/2020,654770,45,43,36586,586,0,15,0,2,0.0,2038,33903
126,5/7/2020,654764,46,42,36592,586,0,8,1,2,0.0,2039,33911
127,6/7/2020,654760,42,48,36594,586,0,7,0,2,0.0,2039,33918
128,7/7/2020,654754,38,53,36598,587,0,8,0,1,0.0,2039,33926
129,8/7/2020,654747,34,57,36605,587,0,10,1,2,0.0,2040,33936
130,9/7/2020,654734,43,56,36610,587,0,17,3,5,0.0,2043,33953
131,10/7/2020,654735,44,49,36615,587,0,8,0,5,0.0,2043,33961
132,11/7/2020,654733,50,47,36613,587,0,13,0,5,0.0,2043,33974
133,12/7/2020,654742,38,52,36611,587,0,3,0,5,0.0,2043,33977
134,13/7/2020,654745,43,51,36604,587,0,12,1,6,0.0,2044,33989
135,14/7/2020,654743,44,54,36602,587,0,13,0,5,0.0,2044,34002
136,15/7/2020,654733,48,53,36609,587,0,14,0,5,0.0,2044,34016
137,16/7/2020,654735,45,60,36603,587,0,11,0,5,0.0,2044,34027
138,17/7/2020,654724,50,62,36605,589,0,15,0,3,0.0,2044,34042
139,18/7/2020,654716,58,70,36597,589,0,23,0,3,0.0,2044,34065
140,19/7/2020,654702,66,71,36600,591,0,21,1,2,0.0,2045,34086
141,20/7/2020,654695,65,74,36605,591,0,15,0,2,0.0,2045,34101
142,21/7/2020,654682,70,80,36607,591,0,22,0,2,0.0,2045,34123
143,22/7/2020,654668,75,86,36610,591,0,23,0,2,0.0,2045,34146
144,23/7/2020,654664,70,96,36609,591,0,18,4,4,0.0,2049,34164
145,24/7/2020,654662,69,104,36604,591,0,17,1,5,0.0,2050,34181
146,25/7/2020,654656,74,109,36600,591,0,20,0,5,0.0,2050,34201
147,26/7/2020,654640,88,109,36602,591,0,31,3,8,0.0,2053,34232
148,27/7/2020,654643,85,119,36592,591,0,21,0,8,0.0,2053,34253
149,28/7/2020,654630,91,126,36593,590,0,28,1,9,0.0,2054,34281
150,29/7/2020,654623,99,126,36592,590,0,28,2,11,0.0,2056,34309
151,30/7/2020,654618,105,126,36591,590,0,28,1,12,0.0,2057,34337
152,31/7/2020,654616,102,134,36588,590,0,26,0,12,0.0,2057,34363
153,1/8/2020,654604,107,136,36591,592,0,32,0,9,0.0,2057,34395
154,2/8/2020,654595,111,137,36594,593,0,28,0,8,0.0,2057,34423
155,3/8/2020,654587,113,149,36587,594,0,31,0,5,0.0,2057,34454
156,4/8/2020,654587,107,159,36583,594,0,24,1,5,0.0,2058,34478
157,5/8/2020,654575,123,145,36590,597,0,38,0,2,0.0,2058,34516
158,6/8/2020,654567,124,154,36588,597,0,33,1,3,0.0,2059,34549
159,7/8/2020,654558,121,166,36588,597,0,29,1,4,0.0,2060,34578
160,8/8/2020,654545,133,175,36580,597,0,50,1,4,0.0,2061,34628
161,9/8/2020,654534,147,182,36570,597,0,43,3,7,0.0,2064,34671
162,10/8/2020,654526,145,183,36579,597,0,30,0,7,0.0,2064,34701
163,11/8/2020,654527,151,185,36570,597,0,37,2,9,0.0,2066,34738
164,12/8/2020,654523,145,192,36573,597,0,38,3,12,0.0,2069,34776
165,13/8/2020,654524,149,195,36565,597,0,35,1,13,0.0,2070,34811
166,14/8/2020,654526,136,205,36566,597,0,29,0,13,0.0,2070,34840
167,15/8/2020,654495,171,201,36565,598,0,69,2,13,0.0,2072,34909
168,16/8/2020,654483,194,211,36542,600,0,59,0,11,0.0,2072,34968
169,17/8/2020,654474,211,224,36521,600,0,57,1,10,0.0,2073,35025
170,18/8/2020,654470,216,232,36512,600,0,51,0,8,0.0,2073,35076
171,19/8/2020,654454,232,237,36506,601,0,63,3,8,0.0,2076,35139
172,20/8/2020,654431,234,257,36506,602,0,62,1,7,0.0,2077,35201
173,21/8/2020,654420,232,278,36498,602,0,61,0,5,0.0,2077,35262
174,22/8/2020,654414,236,283,36495,602,0,55,1,6,0.0,2078,35317
175,23/8/2020,654398,247,294,36489,602,0,61,1,4,0.0,2079,35378
176,24/8/2020,654384,248,308,36488,602,0,63,0,3,0.0,2079,35441
177,25/8/2020,654381,255,315,36477,602,0,68,4,7,0.0,2083,35509
178,26/8/2020,654370,268,315,36475,602,0,68,3,10,0.0,2086,35577
179,27/8/2020,654373,261,331,36463,602,0,60,5,15,0.0,2091,35637
180,28/8/2020,654362,263,350,36453,602,0,69,3,18,0.0,2094,35706
181,29/8/2020,654362,263,349,36454,602,0,59,3,21,0.0,2097,35765
182,30/8/2020,654356,254,370,36447,603,0,63,3,21,0.0,2100,35828
183,31/8/2020,654336,262,384,36445,603,0,81,2,22,0.0,2102,35909
184,1/9/2020,654325,272,369,36460,604,0,69,4,25,0.0,2106,35978
185,2/9/2020,654344,258,374,36449,605,0,48,3,25,0.0,2109,36026
186,3/9/2020,654354,266,373,36432,605,0,64,3,26,0.0,2112,36090
187,4/9/2020,654350,269,387,36417,607,0,70,6,29,0.0,2118,36160
188,5/9/2020,654354,276,378,36414,608,0,72,6,33,0.0,2124,36232
189,6/9/2020,654347,295,355,36422,611,0,75,3,31,0.0,2127,36307
190,7/9/2020,654356,284,368,36410,612,0,61,1,28,0.0,2128,36368
191,8/9/2020,654386,269,362,36400,613,0,56,3,26,0.0,2131,36424
192,9/9/2020,654401,269,367,36379,614,0,63,5,28,0.0,2136,36487
193,10/9/2020,654426,262,359,36367,616,0,61,4,28,0.0,2140,36548
194,11/9/2020,654436,245,374,36359,616,0,55,4,30,0.0,2144,36603
195,12/9/2020,654464,248,389,36311,618,0,69,3,29,0.0,2147,36672
196,13/9/2020,654489,234,391,36296,620,0,60,5,30,0.0,2152,36732
197,14/9/2020,654510,245,384,36270,621,0,66,4,30,0.0,2156,36798
198,15/9/2020,654546,240,386,36236,622,0,61,3,31,0.0,2159,36859
199,16/9/2020,654568,245,386,36208,623,0,67,1,29,0.0,2160,36926
200,17/9/2020,654582,265,373,36186,624,0,66,4,31,0.0,2164,36992
201,18/9/2020,654621,265,375,36142,627,0,66,3,28,0.0,2167,37058
202,19/9/2020,654648,290,362,36102,628,0,86,5,25,0.0,2172,37144
203,20/9/2020,654697,282,376,36045,630,0,60,2,22,0.0,2174,37204
204,21/9/2020,654716,286,388,36010,630,0,79,6,26,0.0,2180,37283
205,22/9/2020,654748,275,391,35986,630,0,58,3,28,0.0,2183,37341
206,23/9/2020,654805,249,408,35938,630,0,52,5,31,0.0,2188,37393
207,24/9/2020,654848,257,409,35885,631,0,74,3,30,0.0,2191,37467
208,25/9/2020,654930,238,404,35827,631,0,37,2,29,0.0,2193,37504
209,26/9/2020,654990,216,410,35783,631,0,50,4,29,0.0,2197,37554
210,27/9/2020,655070,213,377,35738,632,0,51,6,32,0.0,2203,37605
211,28/9/2020,655140,217,362,35679,632,0,58,5,36,0.0,2208,37663
212,29/9/2020,655236,198,358,35605,633,0,37,5,34,0.0,2213,37700
213,30/9/2020,655314,196,331,35556,633,0,43,2,32,0.0,2215,37743
214,1/10/2020,655405,176,332,35483,634,0,41,4,34,0.0,2219,37784
215,2/10/2020,655477,196,309,35412,636,0,55,1,33,0.0,2220,37839
216,3/10/2020,655539,212,295,35347,637,0,60,2,31,0.0,2222,37899
217,4/10/2020,655597,215,281,35300,637,0,56,5,33,0.0,2227,37955
218,5/10/2020,655679,234,276,35202,639,0,60,5,33,0.0,2232,38015
219,6/10/2020,655746,225,286,35132,641,0,45,5,33,0.0,2237,38060
220,7/10/2020,655841,199,297,35051,642,0,41,2,28,0.0,2239,38101
221,8/10/2020,655932,185,302,34968,643,0,38,3,27,0.0,2242,38139
222,9/10/2020,656033,184,291,34877,645,0,37,0,22,0.0,2242,38176
223,10/10/2020,656100,192,297,34796,645,0,62,3,25,0.0,2245,38238
224,11/10/2020,656195,204,285,34701,645,0,55,1,19,0.0,2246,38293
225,12/10/2020,656277,209,273,34624,647,0,47,3,19,0.0,2249,38340
226,13/10/2020,656367,210,266,34539,648,0,43,3,18,0.0,2252,38383
227,14/10/2020,656464,193,263,34460,650,0,37,6,22,0.0,2258,38420
228,15/10/2020,656551,180,275,34374,650,0,41,4,25,0.0,2262,38461
229,16/10/2020,656679,173,280,34246,652,0,44,2,23,0.0,2264,38505
230,17/10/2020,656782,176,281,34138,653,0,52,5,25,0.0,2269,38557
231,18/10/2020,656890,186,275,34025,654,0,49,2,24,0.0,2271,38606
232,19/10/2020,656999,202,260,33915,654,0,54,5,27,0.0,2276,38660
233,20/10/2020,657097,193,277,33808,655,0,46,5,29,0.0,2281,38706
234,21/10/2020,657202,199,272,33701,656,0,49,3,29,0.0,2284,38755
235,22/10/2020,657323,201,271,33579,656,0,50,1,29,0.0,2285,38805
236,23/10/2020,657435,212,271,33453,659,0,52,1,26,0.0,2286,38857
237,24/10/2020,657574,201,287,33306,662,0,43,3,26,0.0,2289,38900
238,25/10/2020,657698,202,306,33161,663,0,59,1,22,0.0,2290,38959
239,26/10/2020,657815,218,304,33029,664,0,60,4,22,0.0,2294,39019
240,27/10/2020,657919,218,301,32927,665,0,50,2,21,0.0,2296,39069
241,28/10/2020,658023,217,314,32811,665,0,60,5,22,0.0,2301,39129
242,29/10/2020,658155,223,327,32659,666,0,64,4,22,0.0,2305,39193
243,30/10/2020,658279,246,315,32522,668,0,67,7,26,0.0,2312,39260
244,31/10/2020,658393,245,323,32400,669,0,61,2,25,0.0,2314,39321
245,1/11/2020,658499,259,322,32281,669,0,70,4,28,0.0,2318,39391
246,2/11/2020,658607,276,317,32160,670,0,71,0,26,0.0,2318,39462
247,3/11/2020,658722,277,317,32043,671,0,59,2,23,0.0,2320,39521
248,4/11/2020,658835,268,344,31912,671,0,60,1,23,0.0,2321,39581
249,5/11/2020,658894,277,361,31827,671,0,83,2,24,0.0,2323,39664
250,6/11/2020,659013,269,370,31706,672,0,70,2,19,0.0,2325,39734
251,7/11/2020,659137,282,367,31571,673,0,67,3,20,0.0,2328,39801
252,8/11/2020,659252,295,385,31425,673,0,88,2,15,0.0,2330,39889
253,9/11/2020,659362,309,401,31285,673,0,88,2,16,0.0,2332,39977
254,10/11/2020,659433,316,423,31185,673,0,91,6,21,0.0,2338,40068
255,11/11/2020,659549,317,427,31062,675,0,84,4,23,0.0,2342,40152
256,12/11/2020,659632,354,423,30946,675,0,100,1,21,0.0,2343,40252
257,13/11/2020,659708,392,443,30811,676,0,115,6,25,0.0,2349,40367
258,14/11/2020,659816,403,464,30671,676,0,106,1,24,0.0,2350,40473
259,15/11/2020,659904,439,466,30544,677,0,121,3,25,0.0,2353,40594
260,16/11/2020,659971,430,500,30450,679,0,99,3,23,0.0,2356,40693
261,17/11/2020,660040,455,512,30344,679,0,112,4,26,0.0,2360,40805
262,18/11/2020,660117,478,528,30226,681,0,132,3,26,0.0,2363,40937
263,19/11/2020,660162,519,532,30134,683,0,138,3,26,0.0,2366,41075
264,20/11/2020,660212,533,553,30046,686,0,135,3,25,0.0,2369,41210
265,21/11/2020,660283,523,602,29935,687,0,117,5,29,0.0,2374,41327
266,22/11/2020,660334,547,618,29844,687,0,148,2,26,0.0,2376,41475
267,23/11/2020,660373,566,640,29764,687,0,150,4,28,0.0,2380,41625
268,24/11/2020,660421,598,643,29678,690,0,157,4,28,0.0,2384,41782
269,25/11/2020,660452,600,691,29595,692,0,150,7,30,0.0,2391,41932
270,26/11/2020,660459,628,736,29515,692,0,181,5,34,0.0,2396,42113
271,27/11/2020,660505,626,775,29431,693,0,156,3,34,0.0,2399,42269
272,28/11/2020,660512,644,810,29371,693,0,181,2,30,0.0,2401,42450
273,29/11/2020,660516,664,879,29277,694,0,188,8,36,0.0,2409,42638
274,30/11/2020,660507,734,868,29224,697,0,210,7,36,0.0,2416,42848
275,1/12/2020,660516,761,896,29159,698,0,190,9,42,0.0,2425,43038
276,2/12/2020,657494,762,945,29105,698,3026,190,7,48,0.0,2432,43228
277,3/12/2020,654418,824,987,29052,700,6049,252,7,51,0.0,2439,43480
278,4/12/2020,651378,841,1050,28995,702,9064,235,7,54,0.0,2446,43715
279,5/12/2020,648269,925,1055,28979,703,12099,267,10,59,0.0,2456,43982
280,6/12/2020,645173,1015,1074,28965,705,15098,285,2,54,0.0,2458,44267
281,7/12/2020,642063,1097,1133,28921,707,18109,301,5,55,0.0,2463,44568
282,8/12/2020,639009,1115,1233,28859,709,21105,283,9,61,0.0,2472,44851
283,9/12/2020,635904,1140,1301,28872,712,24101,287,12,62,0.0,2484,45138
284,10/12/2020,632776,1170,1400,28885,715,27084,337,13,64,0.0,2497,45475
285,11/12/2020,629590,1219,1486,28930,715,30090,365,10,69,0.0,2507,45840
286,12/12/2020,626427,1341,1514,28974,723,33051,389,11,67,0.0,2518,46229
287,13/12/2020,623178,1432,1555,29044,723,36098,390,6,66,0.0,2524,46619
288,14/12/2020,619950,1522,1616,29103,725,39114,408,5,65,0.0,2529,47027
289,15/12/2020,616662,1601,1709,29171,728,42159,438,9,69,0.0,2538,47465
290,16/12/2020,613356,1651,1812,29270,730,45211,446,14,74,0.0,2552,47911
291,17/12/2020,610040,1692,1927,29362,731,48278,444,16,79,0.0,2568,48355
292,18/12/2020,606696,1775,2059,29454,733,51313,508,14,85,0.0,2582,48863
293,19/12/2020,603325,1924,2182,29587,734,54278,578,14,93,0.0,2596,49441
294,20/12/2020,599933,2010,2285,29742,738,57322,544,15,93,0.0,2611,49985
295,21/12/2020,596492,2170,2405,29854,739,60370,613,11,101,0.0,2622,50598
296,22/12/2020,593006,2309,2518,30057,741,63399,657,15,104,0.0,2637,51255
297,23/12/2020,589509,2453,2655,30265,743,66405,689,19,113,0.0,2656,51944
298,24/12/2020,585970,2568,2800,30477,747,69468,668,15,116,0.0,2671,52612
299,25/12/2020,582480,2630,2987,30736,748,72449,695,15,117,0.0,2686,53307
300,26/12/2020,578963,2772,3111,31002,750,75432,757,17,124,0.0,2703,54064
301,27/12/2020,575343,2892,3291,31326,756,78422,799,19,127,0.0,2722,54863
302,28/12/2020,571687,3089,3455,31646,760,81393,873,25,143,0.0,2747,55736
303,29/12/2020,568048,3238,3624,32021,764,84335,896,25,150,0.0,2772,56632
304,30/12/2020,564274,3455,3744,32450,771,87336,951,22,147,0.0,2794,57583
305,31/12/2020,560461,3598,3902,32884,778,90407,929,31,165,0.0,2825,58512
306,1/1/2021,556727,3700,4162,33290,782,93369,971,17,170,0.0,2842,59483
307,2/1/2021,552916,3810,4347,33801,784,96372,997,24,175,0.0,2866,60480
308,3/1/2021,549027,3977,4557,34282,788,99399,1071,31,189,0.0,2897,61551
309,4/1/2021,545079,4107,4784,34808,793,102459,1070,24,194,0.0,2921,62621
310,5/1/2021,541092,4312,4970,35403,803,105450,1205,22,185,0.0,2943,63826
311,6/1/2021,537074,4451,5208,36025,808,108464,1192,26,193,0.0,2969,65018
312,7/1/2021,532963,4597,5463,36683,812,111512,1233,34,206,0.0,3003,66251
313,8/1/2021,528808,4788,5671,37394,817,114552,1290,26,209,0.0,3029,67541
314,9/1/2021,524585,5023,5890,38114,819,117599,1376,43,230,0.0,3072,68917
315,10/1/2021,520354,5225,6138,38862,825,120626,1386,41,247,0.0,3113,70303
316,11/1/2021,516087,5375,6398,39667,829,123674,1402,41,262,0.0,3154,71705
317,12/1/2021,511857,5504,6648,40530,837,126654,1421,34,263,0.0,3188,73126
318,13/1/2021,507525,5699,6921,41374,842,129669,1520,36,281,0.0,3224,74646
319,14/1/2021,503165,5801,7142,42372,845,132705,1488,44,299,0.0,3268,76134
320,15/1/2021,498799,5958,7292,43412,849,135720,1546,39,306,0.0,3307,77680
