#time,date,susceptible,exposed,infectious,recovered,dead,immune,num infections today,num hospitalisations today,hospital bed occupancy,num hospitalisations today (data),cum num hospitalisations today,cum num infections today
1,2/3/2020,688256,1728,1284,912,0,0,512,4,19,0.0,4,512
2,3/3/2020,687722,1870,1500,1088,0,0,534,8,27,0.0,12,1046
3,4/3/2020,687112,2051,1726,1291,0,0,610,5,32,0.0,17,1656
4,5/3/2020,686376,2333,1925,1543,3,0,736,3,32,0.0,20,2392
5,6/3/2020,685599,2606,2173,1796,6,0,777,9,38,0.0,29,3169
6,7/3/2020,684678,2951,2437,2105,9,0,921,8,41,0.0,37,4090
7,8/3/2020,683677,3344,2716,2434,9,0,1001,6,44,0.0,43,5091
8,9/3/2020,682560,3692,3098,2820,10,0,1117,16,57,0.0,59,6208
9,10/3/2020,681302,4107,3528,3232,11,0,1258,18,70,0.0,77,7466
10,11/3/2020,679822,4685,3896,3766,11,0,1480,11,79,0.0,88,8946
11,12/3/2020,678224,5249,4351,4343,13,0,1599,27,100,0.0,115,10545
12,13/3/2020,677110,5163,4953,4937,17,0,1114,24,113,0.0,139,11659
13,14/3/2020,675801,5255,5520,5586,18,0,1310,20,128,0.0,159,12969
14,15/3/2020,674418,5343,6004,6393,22,0,1383,29,148,0.0,188,14352
15,16/3/2020,672909,5540,6466,7242,23,0,1510,35,171,0.0,223,15862
16,17/3/2020,671652,5452,6829,8219,28,0,1257,37,194,0.0,260,17119
17,18/3/2020,670341,5392,7122,9293,32,0,1311,39,216,0.0,299,18430
18,19/3/2020,668996,5386,7309,10454,35,0,1345,40,237,0.0,339,19775
19,20/3/2020,667644,5445,7415,11638,38,0,1353,54,275,0.0,393,21128
20,21/3/2020,666639,5125,7489,12882,45,0,1005,50,296,0.0,443,22133
21,22/3/2020,665537,4889,7571,14128,55,0,1102,52,320,0.0,495,23235
22,23/3/2020,664454,4715,7541,15406,64,0,1083,65,353,0.0,560,24318
23,24/3/2020,663914,4022,7475,16702,67,0,540,72,405,0.0,632,24858
24,25/3/2020,663349,3453,7310,17994,74,0,565,50,420,0.0,682,25423
25,26/3/2020,662784,2994,7113,19208,81,0,566,65,448,0.0,747,25989
26,27/3/2020,662275,2646,6704,20461,94,0,509,77,475,0.0,824,26498
27,28/3/2020,661785,2380,6189,21717,109,0,490,94,518,0.0,918,26988
28,29/3/2020,661324,2159,5653,22921,123,0,461,63,527,0.0,981,27449
29,30/3/2020,660919,1993,5138,23988,142,0,405,76,551,0.0,1057,27854
30,31/3/2020,660527,1847,4655,24989,162,0,392,64,560,0.0,1121,28246
31,1/4/2020,660142,1725,4256,25874,183,0,385,62,565,0.0,1183,28631
32,2/4/2020,659807,1586,3928,26663,196,0,335,58,552,0.0,1241,28966
33,3/4/2020,659525,1471,3567,27401,216,0,282,65,545,0.0,1306,29248
34,4/4/2020,659256,1364,3294,28029,237,0,269,62,552,0.0,1368,29517
35,5/4/2020,658994,1264,3016,28652,254,0,262,45,514,0.0,1413,29779
36,6/4/2020,658741,1161,2825,29170,283,0,253,49,481,0.0,1462,30032
37,7/4/2020,658523,1082,2585,29691,299,0,218,33,445,0.0,1495,30250
38,8/4/2020,658351,954,2410,30145,320,0,174,43,422,0.0,1538,30424
39,9/4/2020,658171,860,2240,30577,332,0,180,34,391,0.0,1572,30604
40,10/4/2020,657976,824,2054,30974,352,0,195,27,360,0.0,1599,30799
41,11/4/2020,657818,769,1889,31335,369,0,159,27,327,0.0,1626,30958
42,12/4/2020,657690,691,1758,31656,385,0,128,30,311,0.0,1656,31086
43,13/4/2020,657570,618,1619,31966,407,0,120,25,285,0.0,1681,31206
44,14/4/2020,657426,601,1444,32289,420,0,145,19,257,0.0,1700,31351
45,15/4/2020,657324,543,1336,32538,439,0,103,17,235,0.0,1717,31454
46,16/4/2020,657217,494,1244,32777,448,0,107,22,225,0.0,1739,31561
47,17/4/2020,657109,478,1122,33009,462,0,108,19,205,0.0,1758,31669
48,18/4/2020,657015,437,1040,33218,470,0,94,19,191,0.0,1777,31763
49,19/4/2020,656937,394,985,33382,482,0,78,16,177,0.0,1793,31841
50,20/4/2020,656850,380,903,33559,488,0,87,13,163,0.0,1806,31928
51,21/4/2020,656765,377,852,33695,491,0,85,15,161,0.0,1821,32013
52,22/4/2020,656695,359,774,33854,498,0,70,10,146,0.0,1831,32083
53,23/4/2020,656645,317,729,33986,503,0,50,15,143,0.0,1846,32133
54,24/4/2020,656599,266,704,34098,513,0,46,11,130,0.0,1857,32179
55,25/4/2020,656557,226,639,34237,521,0,43,8,113,0.0,1865,32222
56,26/4/2020,656496,221,582,34354,527,0,61,9,106,0.0,1874,32283
57,27/4/2020,656454,200,538,34455,533,0,42,8,95,0.0,1882,32325
58,28/4/2020,656406,199,471,34563,541,0,48,5,82,0.0,1887,32373
59,29/4/2020,656366,196,417,34655,546,0,40,7,78,0.0,1894,32413
60,30/4/2020,656334,179,382,34735,550,0,32,4,69,0.0,1898,32445
61,1/5/2020,656303,161,361,34801,554,0,31,5,61,0.0,1903,32476
62,2/5/2020,656282,141,330,34869,558,0,21,7,55,0.0,1910,32497
63,3/5/2020,656268,119,308,34925,560,0,14,9,55,0.0,1919,32511
64,4/5/2020,656240,101,300,34977,562,0,28,6,51,0.0,1925,32539
65,5/5/2020,656220,99,269,35029,563,0,21,3,51,0.0,1928,32560
66,6/5/2020,656196,94,247,35077,566,0,24,4,46,0.0,1932,32584
67,7/5/2020,656182,88,227,35116,567,0,14,2,44,0.0,1934,32598
68,8/5/2020,656166,81,204,35162,567,0,16,4,45,0.0,1938,32614
69,9/5/2020,656148,80,194,35188,570,0,19,1,42,0.0,1939,32633
70,10/5/2020,656132,74,180,35222,572,0,17,2,37,0.0,1941,32650
71,11/5/2020,656119,69,168,35251,573,0,13,4,31,0.0,1945,32663
72,12/5/2020,656107,64,155,35279,575,0,13,4,29,0.0,1949,32676
73,13/5/2020,656092,64,136,35309,579,0,15,2,22,0.0,1951,32691
74,14/5/2020,656077,65,111,35346,581,0,15,5,20,0.0,1956,32706
75,15/5/2020,656067,52,108,35372,581,0,10,3,17,0.0,1959,32716
76,16/5/2020,656056,48,104,35390,582,0,11,1,16,0.0,1960,32727
77,17/5/2020,656052,43,96,35407,582,0,4,1,16,0.0,1961,32731
78,18/5/2020,656043,37,99,35418,583,0,9,1,14,0.0,1962,32740
79,19/5/2020,656035,36,92,35434,583,0,8,0,13,0.0,1962,32748
80,20/5/2020,656024,38,86,35448,584,0,11,3,14,0.0,1965,32759
81,21/5/2020,656021,28,81,35465,585,0,3,0,12,0.0,1965,32762
82,22/5/2020,656006,35,74,35480,585,0,15,2,14,0.0,1967,32777
83,23/5/2020,655996,38,67,35494,585,0,11,1,13,0.0,1968,32788
84,24/5/2020,655985,43,64,35501,587,0,11,2,12,0.0,1970,32799
85,25/5/2020,655977,46,59,35511,587,0,10,0,10,0.0,1970,32809
86,26/5/2020,655973,38,63,35519,587,0,5,1,9,0.0,1971,32814
87,27/5/2020,655969,30,59,35535,587,0,4,3,12,0.0,1974,32818
88,28/5/2020,655960,33,58,35542,587,0,9,1,12,0.0,1975,32827
89,29/5/2020,655946,39,54,35554,587,0,14,1,12,0.0,1976,32841
90,30/5/2020,655941,37,55,35560,587,0,6,1,13,0.0,1977,32847
91,31/5/2020,655933,35,61,35564,587,0,8,0,12,0.0,1977,32855
92,1/6/2020,655924,37,56,35575,588,0,9,1,10,0.0,1978,32864
93,2/6/2020,655920,29,58,35585,588,0,4,0,8,0.0,1978,32868
94,3/6/2020,655917,27,56,35592,588,0,5,1,8,0.0,1979,32873
95,4/6/2020,655910,26,55,35601,588,0,8,0,8,0.0,1979,32881
96,5/6/2020,655903,25,53,35611,588,0,7,1,8,0.0,1980,32888
97,6/6/2020,655893,31,49,35619,588,0,10,2,7,0.0,1982,32898
98,7/6/2020,655887,33,43,35628,589,0,7,1,6,0.0,1983,32905
99,8/6/2020,655880,33,45,35633,589,0,7,0,6,0.0,1983,32912
100,9/6/2020,655875,30,49,35637,589,0,7,0,6,0.0,1983,32919
101,10/6/2020,655872,27,45,35646,590,0,5,0,4,0.0,1983,32924
102,11/6/2020,655870,29,43,35647,591,0,5,0,3,0.0,1983,32929
103,12/6/2020,655861,34,43,35651,591,0,12,0,3,0.0,1983,32941
104,13/6/2020,655855,28,41,35665,591,0,8,1,3,0.0,1984,32949
105,14/6/2020,655848,31,40,35670,591,0,8,0,3,0.0,1984,32957
106,15/6/2020,655843,31,43,35672,591,0,7,0,3,0.0,1984,32964
107,16/6/2020,655832,35,46,35676,591,0,13,0,3,0.0,1984,32977
108,17/6/2020,655826,30,46,35686,592,0,6,0,1,0.0,1984,32983
109,18/6/2020,655812,38,46,35692,592,0,15,0,1,0.0,1984,32998
110,19/6/2020,655809,36,46,35697,592,0,7,0,1,0.0,1984,33005
111,20/6/2020,655804,31,52,35701,592,0,6,0,1,0.0,1984,33011
112,21/6/2020,655799,31,49,35709,592,0,6,0,1,0.0,1984,33017
113,22/6/2020,655794,35,47,35712,592,0,9,0,1,0.0,1984,33026
114,23/6/2020,655786,30,55,35717,592,0,9,2,3,0.0,1986,33035
115,24/6/2020,655773,38,51,35726,592,0,15,2,5,0.0,1988,33050
116,25/6/2020,655765,35,59,35729,592,0,11,0,4,0.0,1988,33061
117,26/6/2020,655763,33,58,35734,592,0,5,1,5,0.0,1989,33066
118,27/6/2020,655759,31,52,35745,593,0,6,0,4,0.0,1989,33072
119,28/6/2020,655758,27,58,35744,593,0,8,0,4,0.0,1989,33080
120,29/6/2020,655748,37,53,35749,593,0,14,0,3,0.0,1989,33094
121,30/6/2020,655740,40,59,35748,593,0,14,1,4,0.0,1990,33108
122,1/7/2020,655730,37,63,35756,594,0,11,0,2,0.0,1990,33119
123,2/7/2020,655724,37,65,35760,594,0,9,0,2,0.0,1990,33128
124,3/7/2020,655718,38,70,35760,594,0,9,1,3,0.0,1991,33137
125,4/7/2020,655714,36,74,35762,594,0,9,0,3,0.0,1991,33146
126,5/7/2020,655711,29,80,35766,594,0,8,0,3,0.0,1991,33154
127,6/7/2020,655699,44,73,35769,595,0,19,4,6,0.0,1995,33173
128,7/7/2020,655687,52,73,35773,595,0,16,1,7,0.0,1996,33189
129,8/7/2020,655670,62,76,35777,595,0,22,1,8,0.0,1997,33211
130,9/7/2020,655661,69,72,35783,595,0,14,0,7,0.0,1997,33225
131,10/7/2020,655658,63,71,35793,595,0,11,1,8,0.0,1998,33236
132,11/7/2020,655649,63,79,35794,595,0,13,1,9,0.0,1999,33249
133,12/7/2020,655641,54,86,35802,597,0,11,1,6,0.0,2000,33260
134,13/7/2020,655634,58,84,35805,599,0,16,2,6,0.0,2002,33276
135,14/7/2020,655628,60,88,35805,599,0,16,1,7,0.0,2003,33292
136,15/7/2020,655626,50,92,35813,599,0,8,1,8,0.0,2004,33300
137,16/7/2020,655610,63,94,35814,599,0,27,4,12,0.0,2008,33327
138,17/7/2020,655596,68,100,35817,599,0,17,1,13,0.0,2009,33344
139,18/7/2020,655587,67,102,35824,600,0,18,0,11,0.0,2009,33362
140,19/7/2020,655571,76,108,35825,600,0,28,2,13,0.0,2011,33390
141,20/7/2020,655568,81,97,35834,600,0,14,1,12,0.0,2012,33404
142,21/7/2020,655554,78,107,35841,600,0,22,0,12,0.0,2012,33426
143,22/7/2020,655536,92,107,35844,601,0,28,1,12,0.0,2013,33454
144,23/7/2020,655529,91,112,35847,601,0,19,1,12,0.0,2014,33473
145,24/7/2020,655512,100,122,35843,603,0,34,1,9,0.0,2015,33507
146,25/7/2020,655509,104,116,35848,603,0,25,0,6,0.0,2015,33532
147,26/7/2020,655496,104,123,35854,603,0,25,0,5,0.0,2015,33557
148,27/7/2020,655491,95,133,35858,603,0,24,1,4,0.0,2016,33581
149,28/7/2020,655472,110,129,35866,603,0,39,0,4,0.0,2016,33620
150,29/7/2020,655463,115,134,35864,604,0,29,2,5,0.0,2018,33649
151,30/7/2020,655457,116,137,35865,605,0,26,1,5,0.0,2019,33675
152,31/7/2020,655450,114,135,35876,605,0,24,0,5,0.0,2019,33699
153,1/8/2020,655442,115,144,35874,605,0,32,1,6,0.0,2020,33731
154,2/8/2020,655433,117,151,35874,605,0,31,1,7,0.0,2021,33762
155,3/8/2020,655431,109,168,35867,605,0,27,0,7,0.0,2021,33789
156,4/8/2020,655410,132,161,35872,605,0,42,1,8,0.0,2022,33831
157,5/8/2020,655404,130,159,35880,607,0,29,2,7,0.0,2024,33860
158,6/8/2020,655399,127,166,35881,607,0,27,2,9,0.0,2026,33887
159,7/8/2020,655389,131,169,35884,607,0,33,1,10,0.0,2027,33920
160,8/8/2020,655383,130,175,35885,607,0,35,0,10,0.0,2027,33955
161,9/8/2020,655381,121,187,35884,607,0,30,2,12,0.0,2029,33985
162,10/8/2020,655366,127,187,35893,607,0,38,1,11,0.0,2030,34023
163,11/8/2020,655359,134,186,35895,606,0,36,1,9,0.0,2031,34059
164,12/8/2020,655358,138,194,35883,607,0,37,6,13,0.0,2037,34096
165,13/8/2020,655377,129,199,35868,607,0,24,3,16,0.0,2040,34120
166,14/8/2020,655377,132,202,35861,608,0,36,1,16,0.0,2041,34156
167,15/8/2020,655381,150,198,35843,608,0,49,0,16,0.0,2041,34205
168,16/8/2020,655377,152,202,35841,608,0,37,1,16,0.0,2042,34242
169,17/8/2020,655369,160,208,35834,609,0,43,2,17,0.0,2044,34285
170,18/8/2020,655367,175,217,35810,611,0,54,3,17,0.0,2047,34339
171,19/8/2020,655360,185,222,35800,613,0,53,3,16,0.0,2050,34392
172,20/8/2020,655355,195,215,35801,614,0,50,0,12,0.0,2050,34442
173,21/8/2020,655345,207,230,35784,614,0,56,3,15,0.0,2053,34498
174,22/8/2020,655343,202,249,35771,615,0,49,1,14,0.0,2054,34547
175,23/8/2020,655335,203,261,35764,617,0,57,2,14,0.0,2056,34604
176,24/8/2020,655328,220,267,35748,617,0,60,0,12,0.0,2056,34664
177,25/8/2020,655312,239,267,35745,617,0,66,0,11,0.0,2056,34730
178,26/8/2020,655311,226,291,35734,618,0,53,1,11,0.0,2057,34783
179,27/8/2020,655310,241,299,35712,618,0,67,6,15,0.0,2063,34850
180,28/8/2020,655303,240,315,35703,619,0,61,2,14,0.0,2065,34911
181,29/8/2020,655270,257,331,35703,619,0,80,2,12,0.0,2067,34991
182,30/8/2020,655275,245,344,35697,619,0,51,3,14,0.0,2070,35042
183,31/8/2020,655259,253,344,35705,619,0,62,0,13,0.0,2070,35104
184,1/9/2020,655247,259,353,35702,619,0,63,3,15,0.0,2073,35167
185,2/9/2020,655256,249,365,35691,619,0,55,6,21,0.0,2079,35222
186,3/9/2020,655272,238,366,35685,619,0,53,3,24,0.0,2082,35275
187,4/9/2020,655283,223,373,35682,619,0,54,1,23,0.0,2083,35329
188,5/9/2020,655275,230,372,35685,618,0,67,3,25,0.0,2086,35396
189,6/9/2020,655287,239,359,35677,618,0,59,7,31,0.0,2093,35455
190,7/9/2020,655304,227,370,35658,621,0,61,8,34,0.0,2101,35516
191,8/9/2020,655318,242,347,35651,622,0,59,2,32,0.0,2103,35575
192,9/9/2020,655344,241,337,35635,623,0,53,2,29,0.0,2105,35628
193,10/9/2020,655346,251,352,35606,625,0,72,4,30,0.0,2109,35700
194,11/9/2020,655363,224,362,35605,626,0,50,2,27,0.0,2111,35750
195,12/9/2020,655384,236,347,35585,628,0,61,5,29,0.0,2116,35811
196,13/9/2020,655392,255,356,35547,630,0,74,6,33,0.0,2122,35885
197,14/9/2020,655402,248,368,35530,632,0,71,4,33,0.0,2126,35956
198,15/9/2020,655424,263,369,35492,632,0,66,5,35,0.0,2131,36022
199,16/9/2020,655448,261,381,35455,635,0,64,1,31,0.0,2132,36086
200,17/9/2020,655464,266,399,35414,637,0,76,3,31,0.0,2135,36162
201,18/9/2020,655494,274,405,35369,638,0,72,7,34,0.0,2142,36234
202,19/9/2020,655514,268,414,35345,639,0,62,2,32,0.0,2144,36296
203,20/9/2020,655528,287,401,35323,641,0,82,5,32,0.0,2149,36378
204,21/9/2020,655545,302,390,35300,643,0,79,5,32,0.0,2154,36457
205,22/9/2020,655585,285,397,35268,645,0,60,6,33,0.0,2160,36517
206,23/9/2020,655622,277,406,35230,645,0,61,5,38,0.0,2165,36578
207,24/9/2020,655667,278,407,35182,646,0,71,4,40,0.0,2169,36649
208,25/9/2020,655698,258,412,35166,646,0,49,4,42,0.0,2173,36698
209,26/9/2020,655777,238,400,35116,649,0,44,3,41,0.0,2176,36742
210,27/9/2020,655833,226,397,35075,649,0,55,2,36,0.0,2178,36797
211,28/9/2020,655907,219,397,35007,650,0,52,3,34,0.0,2181,36849
212,29/9/2020,655986,197,386,34960,651,0,31,2,31,0.0,2183,36880
213,30/9/2020,656068,186,376,34899,651,0,47,6,31,0.0,2189,36927
214,1/10/2020,656150,191,368,34819,652,0,49,3,29,0.0,2192,36976
215,2/10/2020,656194,211,358,34763,654,0,70,8,30,0.0,2200,37046
216,3/10/2020,656252,217,330,34725,656,0,53,5,32,0.0,2205,37099
217,4/10/2020,656315,222,313,34674,656,0,55,4,32,0.0,2209,37154
218,5/10/2020,656399,203,319,34602,657,0,38,5,36,0.0,2214,37192
219,6/10/2020,656472,210,315,34524,659,0,52,4,36,0.0,2218,37244
220,7/10/2020,656552,193,314,34461,660,0,45,1,36,0.0,2219,37289
221,8/10/2020,656638,194,308,34379,661,0,52,3,32,0.0,2222,37341
222,9/10/2020,656716,197,305,34298,664,0,51,1,28,0.0,2223,37392
223,10/10/2020,656824,196,299,34195,666,0,44,2,25,0.0,2225,37436
224,11/10/2020,656908,209,294,34103,666,0,58,5,28,0.0,2230,37494
225,12/10/2020,656993,204,290,34025,668,0,49,3,22,0.0,2233,37543
226,13/10/2020,657060,222,285,33944,669,0,68,4,24,0.0,2237,37611
227,14/10/2020,657144,219,281,33865,671,0,51,1,19,0.0,2238,37662
228,15/10/2020,657215,226,297,33771,671,0,60,2,21,0.0,2240,37722
229,16/10/2020,657303,240,284,33681,672,0,57,6,23,0.0,2246,37779
230,17/10/2020,657371,240,303,33593,673,0,67,0,21,0.0,2246,37846
231,18/10/2020,657466,247,309,33485,673,0,64,2,22,0.0,2248,37910
232,19/10/2020,657546,259,315,33387,673,0,62,3,24,0.0,2251,37972
233,20/10/2020,657651,271,322,33263,673,0,66,1,23,0.0,2252,38038
234,21/10/2020,657744,259,332,33172,673,0,56,6,25,0.0,2258,38094
235,22/10/2020,657822,262,361,33061,674,0,70,4,25,0.0,2262,38164
236,23/10/2020,657903,271,360,32971,675,0,69,4,25,0.0,2266,38233
237,24/10/2020,657978,275,364,32888,675,0,71,4,29,0.0,2270,38304
238,25/10/2020,658081,263,375,32784,677,0,55,5,32,0.0,2275,38359
239,26/10/2020,658211,250,377,32665,677,0,60,3,28,0.0,2278,38419
240,27/10/2020,658321,255,375,32552,677,0,67,3,31,0.0,2281,38486
241,28/10/2020,658429,241,382,32450,678,0,63,3,31,0.0,2284,38549
242,29/10/2020,658527,246,389,32339,679,0,65,3,29,0.0,2287,38614
243,30/10/2020,658635,252,390,32223,680,0,68,3,27,0.0,2290,38682
244,31/10/2020,658763,258,377,32102,680,0,61,2,25,0.0,2292,38743
245,1/11/2020,658850,259,375,32014,682,0,62,5,26,0.0,2297,38805
246,2/11/2020,658952,265,376,31904,683,0,78,2,25,0.0,2299,38883
247,3/11/2020,659014,302,375,31806,683,0,101,1,23,0.0,2300,38984
248,4/11/2020,659081,308,387,31719,685,0,76,5,25,0.0,2305,39060
249,5/11/2020,659173,304,406,31612,685,0,77,6,28,0.0,2311,39137
250,6/11/2020,659258,342,415,31479,686,0,103,1,26,0.0,2312,39240
251,7/11/2020,659335,354,433,31372,686,0,104,3,28,0.0,2315,39344
252,8/11/2020,659418,359,455,31260,688,0,87,1,27,0.0,2316,39431
253,9/11/2020,659474,387,443,31187,689,0,104,5,27,0.0,2321,39535
254,10/11/2020,659561,400,462,31065,692,0,105,4,27,0.0,2325,39640
255,11/11/2020,659643,428,471,30944,694,0,111,4,27,0.0,2329,39751
256,12/11/2020,659702,446,501,30837,694,0,126,5,30,0.0,2334,39877
257,13/11/2020,659804,455,515,30711,695,0,113,3,29,0.0,2337,39990
258,14/11/2020,659827,495,538,30624,696,0,144,5,31,0.0,2342,40134
259,15/11/2020,659896,512,561,30511,700,0,127,2,28,0.0,2344,40261
260,16/11/2020,659939,522,583,30435,701,0,120,1,26,0.0,2345,40381
261,17/11/2020,659958,532,634,30355,701,0,146,5,29,0.0,2350,40527
262,18/11/2020,660018,553,640,30267,702,0,151,3,26,0.0,2353,40678
263,19/11/2020,660036,595,641,30205,703,0,162,3,25,0.0,2356,40840
264,20/11/2020,660089,579,708,30099,705,0,148,6,28,0.0,2362,40988
265,21/11/2020,660099,611,718,30047,705,0,170,3,31,0.0,2365,41158
266,22/11/2020,660123,671,739,29941,706,0,188,10,37,0.0,2375,41346
267,23/11/2020,660134,691,797,29850,708,0,195,3,32,0.0,2378,41541
268,24/11/2020,660124,729,811,29807,709,0,201,5,34,0.0,2383,41742
269,25/11/2020,660124,755,867,29724,710,0,212,6,36,0.0,2389,41954
270,26/11/2020,660116,813,890,29650,711,0,219,1,34,0.0,2390,42173
271,27/11/2020,660095,850,945,29576,714,0,222,6,35,0.0,2396,42395
272,28/11/2020,660060,873,1007,29525,715,0,240,7,38,0.0,2403,42635
273,29/11/2020,659999,928,1055,29482,716,0,257,8,44,0.0,2411,42892
274,30/11/2020,659908,970,1139,29446,717,0,269,12,55,0.0,2423,43161
275,1/12/2020,659823,1036,1184,29419,718,0,280,1,53,0.0,2424,43441
276,2/12/2020,656798,1097,1241,29383,720,2941,291,10,58,0.0,2434,43732
277,3/12/2020,653728,1170,1294,29360,723,5905,327,6,52,0.0,2440,44059
278,4/12/2020,650666,1205,1338,29390,723,8858,317,9,58,0.0,2449,44376
279,5/12/2020,647544,1264,1442,29349,725,11856,345,11,65,0.0,2460,44721
280,6/12/2020,644333,1332,1531,29394,725,14865,389,10,74,0.0,2470,45110
281,7/12/2020,641126,1414,1598,29439,727,17876,391,11,76,0.0,2481,45501
282,8/12/2020,637886,1516,1649,29496,731,20902,416,17,85,0.0,2498,45917
283,9/12/2020,634659,1575,1719,29598,735,23894,418,8,84,0.0,2506,46335
284,10/12/2020,631436,1632,1833,29665,738,26876,437,17,91,0.0,2523,46772
285,11/12/2020,628136,1712,1921,29761,742,29908,453,9,93,0.0,2532,47225
286,12/12/2020,624762,1835,2047,29856,746,32934,547,12,92,0.0,2544,47772
287,13/12/2020,621448,1936,2170,29953,747,35926,538,12,94,0.0,2556,48310
288,14/12/2020,618062,2044,2310,30090,749,38925,576,16,91,0.0,2572,48886
289,15/12/2020,614664,2191,2408,30254,751,41912,619,19,98,0.0,2591,49505
290,16/12/2020,611225,2286,2522,30487,754,44906,618,13,101,0.0,2604,50123
291,17/12/2020,607775,2449,2618,30702,755,47881,682,17,109,0.0,2621,50805
292,18/12/2020,604274,2540,2773,30936,756,50901,670,15,114,0.0,2636,51475
293,19/12/2020,600725,2677,2850,31239,758,53931,707,15,116,0.0,2651,52182
294,20/12/2020,597222,2759,3077,31462,762,56898,735,28,131,0.0,2679,52917
295,21/12/2020,593711,2856,3230,31779,766,59838,755,25,146,0.0,2704,53672
296,22/12/2020,590045,3000,3427,32133,771,62804,875,17,153,0.0,2721,54547
297,23/12/2020,586292,3184,3611,32464,776,65853,904,17,152,0.0,2738,55451
298,24/12/2020,582539,3350,3796,32839,783,68873,928,20,156,0.0,2758,56379
299,25/12/2020,578667,3526,4021,33272,790,71904,997,16,148,0.0,2774,57376
300,26/12/2020,574854,3752,4209,33680,799,74886,1043,18,146,0.0,2792,58419
301,27/12/2020,571026,3909,4390,34170,802,77883,1014,28,156,0.0,2820,59433
302,28/12/2020,567172,4115,4518,34720,808,80847,1087,26,171,0.0,2846,60520
303,29/12/2020,563218,4307,4776,35236,812,83831,1156,35,192,0.0,2881,61676
304,30/12/2020,559302,4482,4953,35841,817,86785,1148,31,206,0.0,2912,62824
305,31/12/2020,555251,4606,5253,36457,821,89792,1231,27,208,0.0,2939,64055
306,1/1/2021,551140,4766,5469,37116,829,92860,1234,30,212,0.0,2969,65289
307,2/1/2021,546983,4998,5679,37837,834,95849,1345,26,209,0.0,2995,66634
308,3/1/2021,542840,5148,5999,38564,838,98791,1371,36,219,0.0,3031,68005
309,4/1/2021,538575,5324,6286,39326,842,101827,1420,29,228,0.0,3060,69425
310,5/1/2021,534197,5587,6458,40188,849,104901,1482,39,246,0.0,3099,70907
311,6/1/2021,529922,5666,6762,41041,856,107933,1421,28,247,0.0,3127,72328
312,7/1/2021,525457,5911,7029,41969,862,110952,1616,46,269,0.0,3173,73944
313,8/1/2021,521084,6054,7322,42919,867,113934,1580,49,287,0.0,3222,75524
314,9/1/2021,516585,6174,7662,43931,874,116954,1663,42,295,0.0,3264,77187
315,10/1/2021,512152,6306,7902,45000,882,119938,1664,48,308,0.0,3312,78851
316,11/1/2021,507538,6583,8049,46185,891,122934,1783,40,308,0.0,3352,80634
317,12/1/2021,503001,6672,8306,47343,902,125956,1678,43,315,0.0,3395,82312
318,13/1/2021,498430,6775,8478,48593,911,128993,1702,51,324,0.0,3446,84014
319,14/1/2021,493820,6889,8700,49845,917,132009,1763,62,343,0.0,3508,85777
320,15/1/2021,489263,6903,8894,51151,921,135048,1698,53,367,0.0,3561,87475
