#time,date,susceptible,exposed,infectious,recovered,dead,immune,num infections today,num hospitalisations today,hospital bed occupancy,num hospitalisations today (data),cum num hospitalisations today,cum num infections today
1,2/3/2020,689202,1537,1158,823,3,0,430,6,19,0.0,6,430
2,3/3/2020,688694,1711,1326,988,4,0,508,5,23,0.0,11,938
3,4/3/2020,688129,1873,1542,1175,4,0,565,5,28,0.0,16,1503
4,5/3/2020,687506,2095,1737,1381,4,0,623,8,34,0.0,24,2126
5,6/3/2020,686755,2359,2002,1602,5,0,751,8,38,0.0,32,2877
6,7/3/2020,685942,2644,2244,1888,5,0,813,10,46,0.0,42,3690
7,8/3/2020,684989,3038,2480,2210,6,0,954,14,57,0.0,56,4644
8,9/3/2020,683958,3376,2835,2548,6,0,1032,6,61,0.0,62,5676
9,10/3/2020,682697,3881,3184,2953,8,0,1261,17,74,0.0,79,6937
10,11/3/2020,681388,4319,3594,3412,10,0,1309,16,83,0.0,95,8246
11,12/3/2020,679879,4881,4018,3934,11,0,1510,19,93,0.0,114,9756
12,13/3/2020,678775,4931,4555,4449,13,0,1104,14,101,0.0,128,10860
13,14/3/2020,677534,5002,5068,5103,16,0,1241,22,109,0.0,150,12101
14,15/3/2020,676209,5128,5560,5807,19,0,1326,25,126,0.0,175,13427
15,16/3/2020,674745,5377,5987,6593,21,0,1465,31,146,0.0,206,14892
16,17/3/2020,673511,5257,6423,7507,25,0,1234,34,171,0.0,240,16126
17,18/3/2020,672148,5326,6767,8451,31,0,1363,35,187,0.0,275,17489
18,19/3/2020,670791,5345,7032,9520,35,0,1357,36,209,0.0,311,18846
19,20/3/2020,669346,5472,7138,10729,38,0,1445,49,242,0.0,360,20291
20,21/3/2020,668284,5193,7314,11893,39,0,1062,52,277,0.0,412,21353
21,22/3/2020,667258,4880,7449,13091,45,0,1026,60,313,0.0,472,22379
22,23/3/2020,666224,4621,7497,14331,50,0,1034,60,343,0.0,532,23413
23,24/3/2020,665689,3979,7436,15559,60,0,535,60,372,0.0,592,23948
24,25/3/2020,665136,3414,7339,16765,69,0,553,63,400,0.0,655,24501
25,26/3/2020,664608,2961,7044,18027,83,0,528,87,448,0.0,742,25029
26,27/3/2020,664138,2535,6665,19293,92,0,470,78,484,0.0,820,25499
27,28/3/2020,663696,2216,6178,20524,109,0,442,59,487,0.0,879,25941
28,29/3/2020,663252,2075,5565,21704,127,0,444,73,510,0.0,952,26385
29,30/3/2020,662864,1906,5052,22760,141,0,388,64,511,0.0,1016,26773
30,31/3/2020,662525,1714,4572,23757,155,0,339,62,519,0.0,1078,27112
31,1/4/2020,662187,1555,4235,24579,167,0,338,70,536,0.0,1148,27450
32,2/4/2020,661861,1465,3790,25418,189,0,326,56,536,0.0,1204,27776
33,3/4/2020,661599,1342,3450,26132,200,0,262,66,536,0.0,1270,28038
34,4/4/2020,661374,1194,3169,26770,216,0,225,52,513,0.0,1322,28263
35,5/4/2020,661177,1046,2913,27351,236,0,197,54,495,0.0,1376,28460
36,6/4/2020,660975,957,2681,27860,250,0,202,37,477,0.0,1413,28662
37,7/4/2020,660784,903,2450,28326,260,0,191,32,442,0.0,1445,28853
38,8/4/2020,660586,873,2229,28757,278,0,198,46,425,0.0,1491,29051
39,9/4/2020,660426,805,2028,29169,295,0,160,28,392,0.0,1519,29211
40,10/4/2020,660257,759,1842,29549,316,0,170,31,344,0.0,1550,29381
41,11/4/2020,660118,686,1727,29864,328,0,139,36,343,0.0,1586,29520
42,12/4/2020,659982,638,1569,30189,345,0,136,22,312,0.0,1608,29656
43,13/4/2020,659846,605,1462,30446,364,0,136,25,292,0.0,1633,29792
44,14/4/2020,659729,545,1355,30715,379,0,117,17,257,0.0,1650,29909
45,15/4/2020,659625,498,1261,30947,392,0,104,23,230,0.0,1673,30013
46,16/4/2020,659528,451,1170,31171,403,0,98,21,207,0.0,1694,30111
47,17/4/2020,659409,442,1065,31396,411,0,119,17,189,0.0,1711,30230
48,18/4/2020,659319,415,973,31598,418,0,90,21,183,0.0,1732,30320
49,19/4/2020,659242,397,901,31755,428,0,77,13,171,0.0,1745,30397
50,20/4/2020,659166,363,845,31912,437,0,76,10,158,0.0,1755,30473
51,21/4/2020,659102,321,788,32061,451,0,64,11,137,0.0,1766,30537
52,22/4/2020,659018,317,731,32197,460,0,84,5,116,0.0,1771,30621
53,23/4/2020,658972,284,681,32321,465,0,47,7,105,0.0,1778,30668
54,24/4/2020,658926,249,646,32434,468,0,47,10,97,0.0,1788,30715
55,25/4/2020,658878,222,601,32547,475,0,48,11,92,0.0,1799,30763
56,26/4/2020,658834,199,551,32660,479,0,44,7,83,0.0,1806,30807
57,27/4/2020,658785,199,496,32761,482,0,50,4,74,0.0,1810,30857
58,28/4/2020,658749,179,461,32851,483,0,36,6,75,0.0,1816,30893
59,29/4/2020,658714,163,416,32945,485,0,35,4,64,0.0,1820,30928
60,30/4/2020,658684,151,369,33031,488,0,31,6,60,0.0,1826,30959
61,1/5/2020,658653,131,351,33094,494,0,31,6,57,0.0,1832,30990
62,2/5/2020,658632,128,294,33172,497,0,21,4,49,0.0,1836,31011
63,3/5/2020,658608,118,280,33217,500,0,24,8,48,0.0,1844,31035
64,4/5/2020,658584,113,258,33266,502,0,24,4,45,0.0,1848,31059
65,5/5/2020,658558,103,252,33306,504,0,26,4,43,0.0,1852,31085
66,6/5/2020,658542,92,240,33344,505,0,16,2,38,0.0,1854,31101
67,7/5/2020,658519,91,209,33398,506,0,23,5,36,0.0,1859,31124
68,8/5/2020,658499,87,196,33434,507,0,20,2,35,0.0,1861,31144
69,9/5/2020,658479,85,181,33467,511,0,20,3,32,0.0,1864,31164
70,10/5/2020,658458,84,171,33498,512,0,22,4,31,0.0,1868,31186
71,11/5/2020,658438,82,173,33516,514,0,20,3,32,0.0,1871,31206
72,12/5/2020,658420,79,163,33547,514,0,18,2,31,0.0,1873,31224
73,13/5/2020,658409,68,153,33576,517,0,11,2,27,0.0,1875,31235
74,14/5/2020,658396,63,138,33607,519,0,13,2,26,0.0,1877,31248
75,15/5/2020,658378,63,135,33626,521,0,18,1,23,0.0,1878,31266
76,16/5/2020,658365,65,125,33646,522,0,14,3,21,0.0,1881,31280
77,17/5/2020,658353,65,123,33659,523,0,12,2,19,0.0,1883,31292
78,18/5/2020,658340,66,118,33676,523,0,13,3,20,0.0,1886,31305
79,19/5/2020,658326,55,115,33703,524,0,14,4,17,0.0,1890,31319
80,20/5/2020,658312,54,111,33722,524,0,14,2,17,0.0,1892,31333
81,21/5/2020,658304,50,108,33737,524,0,8,1,18,0.0,1893,31341
82,22/5/2020,658287,49,103,33760,524,0,17,0,18,0.0,1893,31358
83,23/5/2020,658277,46,95,33781,524,0,11,3,18,0.0,1896,31369
84,24/5/2020,658266,44,92,33797,524,0,11,1,18,0.0,1897,31380
85,25/5/2020,658260,42,90,33806,525,0,6,2,18,0.0,1899,31386
86,26/5/2020,658254,39,83,33822,525,0,6,0,15,0.0,1899,31392
87,27/5/2020,658245,38,83,33832,525,0,9,2,17,0.0,1901,31401
88,28/5/2020,658233,38,79,33847,526,0,12,0,14,0.0,1901,31413
89,29/5/2020,658225,37,70,33862,529,0,8,0,10,0.0,1901,31421
90,30/5/2020,658214,36,67,33877,529,0,11,0,9,0.0,1901,31432
91,31/5/2020,658203,38,64,33889,529,0,11,1,9,0.0,1902,31443
92,1/6/2020,658193,37,62,33900,531,0,10,1,5,0.0,1903,31453
93,2/6/2020,658183,39,59,33911,531,0,10,0,4,0.0,1903,31463
94,3/6/2020,658174,40,57,33921,531,0,9,0,3,0.0,1903,31472
95,4/6/2020,658167,43,51,33931,531,0,9,1,4,0.0,1904,31481
96,5/6/2020,658160,36,58,33937,532,0,7,1,4,0.0,1905,31488
97,6/6/2020,658155,32,57,33947,532,0,6,1,5,0.0,1906,31494
98,7/6/2020,658146,33,56,33956,532,0,9,0,5,0.0,1906,31503
99,8/6/2020,658138,31,55,33967,532,0,8,2,7,0.0,1908,31511
100,9/6/2020,658132,33,49,33976,533,0,8,0,5,0.0,1908,31519
101,10/6/2020,658129,26,51,33984,533,0,3,0,4,0.0,1908,31522
102,11/6/2020,658119,28,54,33989,533,0,11,1,5,0.0,1909,31533
103,12/6/2020,658114,27,54,33995,533,0,6,0,3,0.0,1909,31539
104,13/6/2020,658105,32,51,34001,534,0,11,0,2,0.0,1909,31550
105,14/6/2020,658100,31,50,34008,534,0,6,1,3,0.0,1910,31556
106,15/6/2020,658094,30,45,34020,534,0,7,1,4,0.0,1911,31563
107,16/6/2020,658084,33,43,34029,534,0,11,0,4,0.0,1911,31574
108,17/6/2020,658078,35,40,34036,534,0,9,0,4,0.0,1911,31583
109,18/6/2020,658071,33,44,34041,534,0,9,0,3,0.0,1911,31592
110,19/6/2020,658061,38,46,34044,534,0,13,0,2,0.0,1911,31605
111,20/6/2020,658055,39,47,34048,534,0,9,0,2,0.0,1911,31614
112,21/6/2020,658047,38,53,34051,534,0,10,1,3,0.0,1912,31624
113,22/6/2020,658044,34,52,34059,534,0,5,0,2,0.0,1912,31629
114,23/6/2020,658040,31,51,34067,534,0,6,0,2,0.0,1912,31635
115,24/6/2020,658036,29,50,34073,535,0,6,0,1,0.0,1912,31641
116,25/6/2020,658026,31,55,34076,535,0,10,0,1,0.0,1912,31651
117,26/6/2020,658018,31,57,34082,535,0,11,1,2,0.0,1913,31662
118,27/6/2020,658006,37,54,34091,535,0,14,1,3,0.0,1914,31676
119,28/6/2020,657998,41,52,34097,535,0,13,2,5,0.0,1916,31689
120,29/6/2020,657997,40,55,34096,535,0,6,0,5,0.0,1916,31695
121,30/6/2020,657988,47,60,34093,535,0,16,0,5,0.0,1916,31711
122,1/7/2020,657985,45,63,34095,535,0,10,0,4,0.0,1916,31721
123,2/7/2020,657980,46,63,34099,535,0,8,2,6,0.0,1918,31729
124,3/7/2020,657969,45,64,34110,535,0,12,1,5,0.0,1919,31741
125,4/7/2020,657960,43,71,34114,535,0,11,0,5,0.0,1919,31752
126,5/7/2020,657951,46,70,34121,535,0,14,1,5,0.0,1920,31766
127,6/7/2020,657946,47,64,34131,535,0,10,0,5,0.0,1920,31776
128,7/7/2020,657941,46,65,34135,536,0,11,1,4,0.0,1921,31787
129,8/7/2020,657930,53,66,34138,536,0,14,1,5,0.0,1922,31801
130,9/7/2020,657926,50,73,34138,536,0,10,1,6,0.0,1923,31811
131,10/7/2020,657918,59,72,34138,536,0,19,1,6,0.0,1924,31830
132,11/7/2020,657918,47,84,34138,536,0,9,0,5,0.0,1924,31839
133,12/7/2020,657918,45,85,34138,537,0,10,0,4,0.0,1924,31849
134,13/7/2020,657906,51,83,34146,537,0,16,2,6,0.0,1926,31865
135,14/7/2020,657894,60,77,34155,537,0,19,0,5,0.0,1926,31884
136,15/7/2020,657886,58,78,34164,537,0,15,1,5,0.0,1927,31899
137,16/7/2020,657873,65,72,34175,538,0,17,0,3,0.0,1927,31916
138,17/7/2020,657864,74,65,34182,538,0,21,0,3,0.0,1927,31937
139,18/7/2020,657847,77,77,34184,538,0,27,1,4,0.0,1928,31964
140,19/7/2020,657840,79,81,34185,538,0,22,0,4,0.0,1928,31986
141,20/7/2020,657824,85,83,34193,538,0,24,1,4,0.0,1929,32010
142,21/7/2020,657826,81,91,34187,538,0,14,0,3,0.0,1929,32024
143,22/7/2020,657818,79,102,34186,538,0,20,0,3,0.0,1929,32044
144,23/7/2020,657807,88,109,34181,538,0,27,1,3,0.0,1930,32071
145,24/7/2020,657806,84,112,34183,538,0,16,0,3,0.0,1930,32087
146,25/7/2020,657792,95,104,34194,538,0,27,0,3,0.0,1930,32114
147,26/7/2020,657771,105,94,34215,538,0,28,0,3,0.0,1930,32142
148,27/7/2020,657768,98,108,34211,538,0,24,1,4,0.0,1931,32166
149,28/7/2020,657760,96,113,34215,539,0,24,1,4,0.0,1932,32190
150,29/7/2020,657745,110,116,34213,539,0,34,2,5,0.0,1934,32224
151,30/7/2020,657735,104,124,34221,539,0,21,0,5,0.0,1934,32245
152,31/7/2020,657733,104,133,34214,539,0,29,0,4,0.0,1934,32274
153,1/8/2020,657725,113,133,34213,539,0,29,2,6,0.0,1936,32303
154,2/8/2020,657704,113,140,34226,540,0,34,0,5,0.0,1936,32337
155,3/8/2020,657698,110,146,34229,540,0,29,0,5,0.0,1936,32366
156,4/8/2020,657703,119,142,34219,540,0,25,2,6,0.0,1938,32391
157,5/8/2020,657690,126,148,34219,540,0,37,0,6,0.0,1938,32428
158,6/8/2020,657681,116,165,34221,540,0,31,1,6,0.0,1939,32459
159,7/8/2020,657680,111,169,34223,540,0,24,1,7,0.0,1940,32483
160,8/8/2020,657701,107,177,34198,540,0,24,2,9,0.0,1942,32507
161,9/8/2020,657681,124,183,34195,540,0,43,2,11,0.0,1944,32550
162,10/8/2020,657675,120,176,34211,541,0,27,0,9,0.0,1944,32577
163,11/8/2020,657666,134,171,34210,542,0,34,2,10,0.0,1946,32611
164,12/8/2020,657656,133,176,34216,542,0,30,1,11,0.0,1947,32641
165,13/8/2020,657674,119,181,34207,542,0,26,0,11,0.0,1947,32667
166,14/8/2020,657678,121,185,34198,541,0,37,1,12,0.0,1948,32704
167,15/8/2020,657676,140,184,34182,541,0,49,1,11,0.0,1949,32753
168,16/8/2020,657659,158,183,34181,542,0,54,0,10,0.0,1949,32807
169,17/8/2020,657658,157,191,34174,543,0,37,1,9,0.0,1950,32844
170,18/8/2020,657643,174,194,34169,543,0,49,2,10,0.0,1952,32893
171,19/8/2020,657627,186,205,34162,543,0,55,2,9,0.0,1954,32948
172,20/8/2020,657614,204,215,34147,543,0,54,0,9,0.0,1954,33002
173,21/8/2020,657613,210,225,34131,544,0,50,1,8,0.0,1955,33052
174,22/8/2020,657602,219,241,34116,545,0,62,1,7,0.0,1956,33114
175,23/8/2020,657582,235,260,34101,545,0,61,2,9,0.0,1958,33175
176,24/8/2020,657550,258,277,34093,545,0,74,1,10,0.0,1959,33249
177,25/8/2020,657529,258,298,34092,546,0,70,2,8,0.0,1961,33319
178,26/8/2020,657499,282,315,34082,545,0,82,1,9,0.0,1962,33401
179,27/8/2020,657481,290,324,34083,545,0,68,2,11,0.0,1964,33469
180,28/8/2020,657478,294,332,34073,546,0,59,4,14,0.0,1968,33528
181,29/8/2020,657450,269,370,34088,546,0,66,4,18,0.0,1972,33594
182,30/8/2020,657445,278,374,34079,547,0,77,0,14,0.0,1972,33671
183,31/8/2020,657440,275,367,34094,547,0,62,4,18,0.0,1976,33733
184,1/9/2020,657395,299,366,34116,547,0,95,4,22,0.0,1980,33828
185,2/9/2020,657417,269,390,34100,547,0,49,1,21,0.0,1981,33877
186,3/9/2020,657398,277,385,34116,547,0,71,2,21,0.0,1983,33948
187,4/9/2020,657386,267,399,34124,547,0,65,3,22,0.0,1986,34013
188,5/9/2020,657369,257,402,34148,547,0,68,3,24,0.0,1989,34081
189,6/9/2020,657382,260,385,34149,547,0,58,2,23,0.0,1991,34139
190,7/9/2020,657386,259,389,34141,548,0,67,2,20,0.0,1993,34206
191,8/9/2020,657386,259,380,34150,548,0,61,4,23,0.0,1997,34267
192,9/9/2020,657396,251,372,34154,550,0,64,1,21,0.0,1998,34331
193,10/9/2020,657407,245,373,34147,551,0,65,3,20,0.0,2001,34396
194,11/9/2020,657431,245,368,34128,551,0,57,6,26,0.0,2007,34453
195,12/9/2020,657451,260,343,34118,551,0,57,3,25,0.0,2010,34510
196,13/9/2020,657456,253,350,34111,553,0,66,2,23,0.0,2012,34576
197,14/9/2020,657466,260,364,34078,555,0,68,3,23,0.0,2015,34644
198,15/9/2020,657489,265,350,34064,555,0,64,3,25,0.0,2018,34708
199,16/9/2020,657521,262,356,34028,556,0,61,5,28,0.0,2023,34769
200,17/9/2020,657520,273,354,34018,558,0,75,2,28,0.0,2025,34844
201,18/9/2020,657550,262,371,33981,559,0,59,5,30,0.0,2030,34903
202,19/9/2020,657589,259,352,33963,560,0,60,1,29,0.0,2031,34963
203,20/9/2020,657620,258,366,33918,561,0,65,3,27,0.0,2034,35028
204,21/9/2020,657631,279,371,33878,564,0,82,3,26,0.0,2037,35110
205,22/9/2020,657658,283,380,33838,564,0,74,5,29,0.0,2042,35184
206,23/9/2020,657701,283,364,33808,567,0,59,5,31,0.0,2047,35243
207,24/9/2020,657731,290,367,33767,568,0,66,2,31,0.0,2049,35309
208,25/9/2020,657782,264,380,33728,569,0,51,3,27,0.0,2052,35360
209,26/9/2020,657838,246,385,33684,570,0,53,6,27,0.0,2058,35413
210,27/9/2020,657889,237,376,33648,573,0,49,3,24,0.0,2061,35462
211,28/9/2020,657953,217,384,33595,574,0,53,8,27,0.0,2069,35515
212,29/9/2020,658037,204,386,33521,575,0,50,1,25,0.0,2070,35565
213,30/9/2020,658107,208,378,33455,575,0,55,3,26,0.0,2073,35620
214,1/10/2020,658178,198,373,33398,576,0,53,6,31,0.0,2079,35673
215,2/10/2020,658236,210,359,33341,577,0,55,3,31,0.0,2082,35728
216,3/10/2020,658303,216,347,33280,577,0,52,5,33,0.0,2087,35780
217,4/10/2020,658364,213,339,33228,579,0,52,4,32,0.0,2091,35832
218,5/10/2020,658429,205,341,33169,579,0,55,5,35,0.0,2096,35887
219,6/10/2020,658482,214,343,33103,581,0,62,4,35,0.0,2100,35949
220,7/10/2020,658551,224,340,33027,581,0,64,3,38,0.0,2103,36013
221,8/10/2020,658605,233,340,32961,584,0,63,0,35,0.0,2103,36076
222,9/10/2020,658691,234,343,32871,584,0,54,5,35,0.0,2108,36130
223,10/10/2020,658764,237,334,32802,586,0,53,3,30,0.0,2111,36183
224,11/10/2020,658855,243,333,32706,586,0,50,5,32,0.0,2116,36233
225,12/10/2020,658936,221,340,32637,589,0,54,3,30,0.0,2119,36287
226,13/10/2020,659021,218,348,32546,590,0,57,0,26,0.0,2119,36344
227,14/10/2020,659119,211,338,32461,594,0,48,1,22,0.0,2120,36392
228,15/10/2020,659181,226,337,32385,594,0,75,0,18,0.0,2120,36467
229,16/10/2020,659248,236,325,32320,594,0,60,4,22,0.0,2124,36527
230,17/10/2020,659339,236,311,32242,595,0,59,4,23,0.0,2128,36586
231,18/10/2020,659430,237,319,32142,595,0,60,4,25,0.0,2132,36646
232,19/10/2020,659515,243,323,32047,595,0,63,3,25,0.0,2135,36709
233,20/10/2020,659601,237,324,31963,598,0,54,3,21,0.0,2138,36763
234,21/10/2020,659701,234,334,31856,598,0,53,1,20,0.0,2139,36816
235,22/10/2020,659786,241,340,31757,599,0,65,2,20,0.0,2141,36881
236,23/10/2020,659877,245,334,31668,599,0,62,1,16,0.0,2142,36943
237,24/10/2020,659984,224,337,31578,600,0,46,1,13,0.0,2143,36989
238,25/10/2020,660081,227,332,31483,600,0,65,1,12,0.0,2144,37054
239,26/10/2020,660173,240,338,31372,600,0,61,5,15,0.0,2149,37115
240,27/10/2020,660260,236,333,31294,600,0,62,10,23,0.0,2159,37177
241,28/10/2020,660385,232,331,31175,600,0,56,6,28,0.0,2165,37233
242,29/10/2020,660479,226,347,31071,600,0,62,2,28,0.0,2167,37295
243,30/10/2020,660592,242,330,30959,600,0,59,0,27,0.0,2167,37354
244,31/10/2020,660695,248,328,30852,600,0,69,4,28,0.0,2171,37423
245,1/11/2020,660804,244,337,30738,600,0,56,3,28,0.0,2174,37479
246,2/11/2020,660910,252,356,30603,602,0,71,1,27,0.0,2175,37550
247,3/11/2020,661002,273,350,30496,602,0,85,5,30,0.0,2180,37635
248,4/11/2020,661104,288,342,30384,605,0,67,3,27,0.0,2183,37702
249,5/11/2020,661210,285,373,30249,606,0,70,3,25,0.0,2186,37772
250,6/11/2020,661298,298,375,30145,607,0,84,5,28,0.0,2191,37856
251,7/11/2020,661400,309,384,30021,609,0,76,2,26,0.0,2193,37932
252,8/11/2020,661496,319,391,29907,610,0,87,2,24,0.0,2195,38019
253,9/11/2020,661576,354,372,29810,611,0,99,2,22,0.0,2197,38118
254,10/11/2020,661649,367,390,29705,612,0,90,4,24,0.0,2201,38208
255,11/11/2020,661736,363,435,29576,613,0,92,7,29,0.0,2208,38300
256,12/11/2020,661826,359,459,29465,614,0,89,4,32,0.0,2212,38389
257,13/11/2020,661898,368,477,29364,616,0,96,2,29,0.0,2214,38485
258,14/11/2020,661968,391,492,29254,618,0,117,3,30,0.0,2217,38602
259,15/11/2020,662035,418,516,29136,618,0,121,3,31,0.0,2220,38723
260,16/11/2020,662093,428,541,29043,618,0,115,3,32,0.0,2223,38838
261,17/11/2020,662131,473,547,28952,620,0,140,4,31,0.0,2227,38978
262,18/11/2020,662183,456,590,28871,623,0,116,6,30,0.0,2233,39094
263,19/11/2020,662228,474,607,28791,623,0,134,7,33,0.0,2240,39228
264,20/11/2020,662277,499,613,28711,623,0,123,2,34,0.0,2242,39351
265,21/11/2020,662278,541,637,28644,623,0,161,2,36,0.0,2244,39512
266,22/11/2020,662299,562,671,28565,626,0,146,2,31,0.0,2246,39658
267,23/11/2020,662331,567,712,28485,628,0,153,6,33,0.0,2252,39811
268,24/11/2020,662359,607,707,28421,629,0,153,8,34,0.0,2260,39964
269,25/11/2020,662412,627,737,28316,631,0,165,4,33,0.0,2264,40129
270,26/11/2020,662397,661,781,28251,633,0,194,2,32,0.0,2266,40323
271,27/11/2020,662390,710,793,28196,634,0,187,6,34,0.0,2272,40510
272,28/11/2020,662376,717,831,28165,634,0,178,7,39,0.0,2279,40688
273,29/11/2020,662397,726,856,28110,634,0,170,4,42,0.0,2283,40858
274,30/11/2020,662398,758,906,28026,635,0,215,9,47,0.0,2292,41073
275,1/12/2020,662409,755,953,27969,637,0,178,10,53,0.0,2302,41251
276,2/12/2020,659314,792,988,27980,639,3010,241,13,59,0.0,2315,41492
277,3/12/2020,656268,835,1017,27972,640,5991,232,2,56,0.0,2317,41724
278,4/12/2020,653167,906,1056,27954,643,8997,263,4,54,0.0,2321,41987
279,5/12/2020,650131,939,1092,27948,644,11969,246,12,60,0.0,2333,42233
280,6/12/2020,647023,970,1144,27949,645,14992,257,7,59,0.0,2340,42490
281,7/12/2020,643804,1086,1209,27909,647,18068,343,11,61,0.0,2351,42833
282,8/12/2020,640673,1122,1240,27946,649,21093,273,11,66,0.0,2362,43106
283,9/12/2020,637553,1180,1307,27955,650,24078,306,8,67,0.0,2370,43412
284,10/12/2020,634335,1287,1350,28014,652,27085,370,12,70,0.0,2382,43782
285,11/12/2020,631201,1318,1449,28027,655,30073,340,12,71,0.0,2394,44122
286,12/12/2020,627959,1369,1541,28089,657,33108,376,9,73,0.0,2403,44498
287,13/12/2020,624777,1468,1620,28124,659,36075,420,15,83,0.0,2418,44918
288,14/12/2020,621567,1551,1713,28180,663,39049,430,5,77,0.0,2423,45348
289,15/12/2020,618372,1599,1813,28297,664,41978,427,11,81,0.0,2434,45775
290,16/12/2020,615135,1723,1887,28356,667,44955,473,21,97,0.0,2455,46248
291,17/12/2020,611766,1831,2022,28460,671,47973,527,10,98,0.0,2465,46775
292,18/12/2020,608395,2003,2059,28606,679,50981,563,16,98,0.0,2481,47338
293,19/12/2020,605127,2056,2201,28732,684,53923,511,14,102,0.0,2495,47849
294,20/12/2020,601734,2140,2375,28880,688,56906,589,18,108,0.0,2513,48438
295,21/12/2020,598303,2283,2489,29078,691,59879,645,11,109,0.0,2524,49083
296,22/12/2020,594863,2342,2674,29294,696,62854,633,20,116,0.0,2544,49716
297,23/12/2020,591324,2547,2805,29507,699,65841,752,18,119,0.0,2562,50468
298,24/12/2020,587778,2718,2948,29764,705,68810,768,18,117,0.0,2580,51236
299,25/12/2020,584156,2877,3110,30068,709,71803,797,21,128,0.0,2601,52033
300,26/12/2020,580518,3017,3301,30358,715,74814,809,18,131,0.0,2619,52842
301,27/12/2020,576839,3119,3484,30693,722,77866,816,19,137,0.0,2638,53658
302,28/12/2020,573142,3239,3715,31057,724,80846,893,26,153,0.0,2664,54551
303,29/12/2020,569321,3443,3922,31450,727,83860,995,19,156,0.0,2683,55546
304,30/12/2020,565531,3672,4035,31906,730,86849,987,16,154,0.0,2699,56533
305,31/12/2020,561696,3821,4280,32354,735,89837,1017,26,166,0.0,2725,57550
306,1/1/2021,557807,4016,4459,32891,740,92810,1087,26,166,0.0,2751,58637
307,2/1/2021,553890,4133,4715,33421,748,95816,1089,25,167,0.0,2776,59726
308,3/1/2021,549783,4274,5012,33999,755,98900,1207,31,176,0.0,2807,60933
309,4/1/2021,545701,4541,5235,34620,757,101869,1280,36,198,0.0,2843,62213
310,5/1/2021,541621,4736,5435,35321,760,104850,1258,22,204,0.0,2865,63471
311,6/1/2021,537484,4810,5682,36077,763,107907,1234,35,209,0.0,2900,64705
312,7/1/2021,533297,5073,5839,36841,767,110906,1367,25,216,0.0,2925,66072
313,8/1/2021,529137,5257,6055,37627,775,113872,1395,33,226,0.0,2958,67467
314,9/1/2021,524850,5428,6412,38377,781,116875,1471,29,226,0.0,2987,68938
315,10/1/2021,520569,5545,6682,39250,787,119890,1432,35,239,0.0,3022,70370
316,11/1/2021,516176,5805,6908,40200,795,122839,1612,34,244,0.0,3056,71982
317,12/1/2021,511786,5973,7152,41180,799,125833,1547,42,248,0.0,3098,73529
318,13/1/2021,507293,6176,7390,42164,810,128890,1600,38,250,0.0,3136,75129
319,14/1/2021,502767,6350,7591,43261,815,131939,1615,38,259,0.0,3174,76744
320,15/1/2021,498401,6411,7820,44373,821,134897,1572,49,278,0.0,3223,78316
