#time,date,susceptible,exposed,infectious,recovered,dead,immune,num infections today,num hospitalisations today,hospital bed occupancy,num hospitalisations today (data),cum num hospitalisations today,cum num infections today
1,2/3/2020,688906,1538,1182,830,1,0,424,4,15,0.0,4,424
2,3/3/2020,688392,1705,1357,1002,1,0,514,2,17,0.0,6,938
3,4/3/2020,687825,1905,1531,1195,1,0,567,4,19,0.0,10,1505
4,5/3/2020,687225,2068,1761,1402,1,0,600,7,24,0.0,17,2105
5,6/3/2020,686454,2350,2006,1644,3,0,771,6,28,0.0,23,2876
6,7/3/2020,685647,2625,2274,1908,3,0,807,10,36,0.0,33,3683
7,8/3/2020,684667,2998,2565,2224,3,0,980,12,47,0.0,45,4663
8,9/3/2020,683584,3409,2875,2584,5,0,1083,14,56,0.0,59,5746
9,10/3/2020,682421,3810,3232,2989,5,0,1164,11,67,0.0,70,6910
10,11/3/2020,681083,4300,3593,3476,5,0,1338,20,84,0.0,90,8248
11,12/3/2020,679604,4824,4020,4003,6,0,1479,17,97,0.0,107,9727
12,13/3/2020,678526,4820,4566,4538,7,0,1078,19,108,0.0,126,10805
13,14/3/2020,677308,4897,5074,5170,8,0,1218,24,124,0.0,150,12023
14,15/3/2020,675983,4977,5602,5883,12,0,1325,29,138,0.0,179,13348
15,16/3/2020,674497,5260,5971,6710,19,0,1486,26,148,0.0,205,14834
16,17/3/2020,673280,5214,6346,7594,23,0,1217,34,171,0.0,239,16051
17,18/3/2020,672022,5186,6662,8558,29,0,1258,29,185,0.0,268,17309
18,19/3/2020,670707,5258,6851,9610,31,0,1315,35,205,0.0,303,18624
19,20/3/2020,669446,5180,7111,10677,43,0,1261,38,220,0.0,341,19885
20,21/3/2020,668380,4901,7264,11863,49,0,1067,36,235,0.0,377,20952
21,22/3/2020,667278,4779,7294,13048,58,0,1102,57,265,0.0,434,22054
22,23/3/2020,666217,4626,7269,14284,61,0,1062,50,292,0.0,484,23116
23,24/3/2020,665629,4018,7241,15500,69,0,588,59,319,0.0,543,23704
24,25/3/2020,665068,3471,7138,16708,72,0,561,70,363,0.0,613,24265
25,26/3/2020,664520,3073,6863,17919,82,0,548,69,406,0.0,682,24813
26,27/3/2020,664029,2607,6568,19162,91,0,491,61,430,0.0,743,25304
27,28/3/2020,663563,2309,6118,20364,103,0,467,74,460,0.0,817,25771
28,29/3/2020,663119,2102,5630,21495,111,0,444,76,496,0.0,893,26215
29,30/3/2020,662704,1888,5195,22549,121,0,415,87,536,0.0,980,26630
30,31/3/2020,662302,1765,4694,23564,132,0,402,84,558,0.0,1064,27032
31,1/4/2020,661987,1611,4255,24448,156,0,316,72,558,0.0,1136,27348
32,2/4/2020,661722,1426,3871,25265,173,0,265,72,574,0.0,1208,27613
33,3/4/2020,661418,1335,3564,25957,183,0,304,55,564,0.0,1263,27917
34,4/4/2020,661156,1228,3260,26619,194,0,262,60,562,0.0,1323,28179
35,5/4/2020,660904,1148,3010,27183,212,0,253,47,537,0.0,1370,28432
36,6/4/2020,660668,1068,2789,27696,236,0,236,43,495,0.0,1413,28668
37,7/4/2020,660442,1012,2568,28178,257,0,227,49,466,0.0,1462,28895
38,8/4/2020,660264,906,2382,28630,275,0,178,35,434,0.0,1497,29073
39,9/4/2020,660079,838,2204,29039,297,0,185,48,416,0.0,1545,29258
40,10/4/2020,659892,802,2039,29412,312,0,187,34,399,0.0,1579,29445
41,11/4/2020,659738,741,1899,29748,331,0,155,39,380,0.0,1618,29600
42,12/4/2020,659592,703,1750,30061,351,0,146,33,359,0.0,1651,29746
43,13/4/2020,659465,642,1628,30360,362,0,127,32,341,0.0,1683,29873
44,14/4/2020,659330,608,1509,30628,382,0,135,28,318,0.0,1711,30008
45,15/4/2020,659231,536,1408,30879,403,0,101,29,295,0.0,1740,30109
46,16/4/2020,659122,510,1260,31149,416,0,109,26,274,0.0,1766,30218
47,17/4/2020,659022,468,1165,31375,427,0,100,23,258,0.0,1789,30318
48,18/4/2020,658920,448,1107,31545,437,0,102,9,240,0.0,1798,30420
49,19/4/2020,658839,418,1008,31741,451,0,81,15,212,0.0,1813,30501
50,20/4/2020,658758,379,941,31915,464,0,81,16,185,0.0,1829,30582
51,21/4/2020,658673,355,882,32070,477,0,85,9,156,0.0,1838,30667
52,22/4/2020,658599,339,797,32240,482,0,74,9,146,0.0,1847,30741
53,23/4/2020,658541,305,749,32371,491,0,58,11,131,0.0,1858,30799
54,24/4/2020,658497,284,683,32498,495,0,44,7,112,0.0,1865,30843
55,25/4/2020,658457,238,635,32629,498,0,40,10,100,0.0,1875,30883
56,26/4/2020,658410,215,578,32748,506,0,47,12,94,0.0,1887,30930
57,27/4/2020,658369,204,519,32855,510,0,41,8,90,0.0,1895,30971
58,28/4/2020,658332,188,469,32956,512,0,37,2,80,0.0,1897,31008
59,29/4/2020,658304,157,438,33040,518,0,28,9,76,0.0,1906,31036
60,30/4/2020,658264,154,399,33118,522,0,40,6,65,0.0,1912,31076
61,1/5/2020,658234,140,371,33186,526,0,31,6,59,0.0,1918,31107
62,2/5/2020,658210,130,335,33253,529,0,25,4,56,0.0,1922,31132
63,3/5/2020,658183,126,311,33306,531,0,27,6,54,0.0,1928,31159
64,4/5/2020,658159,106,290,33368,534,0,24,10,56,0.0,1938,31183
65,5/5/2020,658135,102,270,33412,538,0,26,6,53,0.0,1944,31209
66,6/5/2020,658108,110,249,33450,540,0,27,5,53,0.0,1949,31236
67,7/5/2020,658088,99,236,33491,543,0,20,1,48,0.0,1950,31256
68,8/5/2020,658062,97,208,33545,545,0,26,2,41,0.0,1952,31282
69,9/5/2020,658046,83,197,33583,548,0,16,6,38,0.0,1958,31298
70,10/5/2020,658029,82,185,33611,550,0,17,1,36,0.0,1959,31315
71,11/5/2020,658019,71,179,33638,550,0,10,2,35,0.0,1961,31325
72,12/5/2020,658008,62,172,33663,552,0,11,2,28,0.0,1963,31336
73,13/5/2020,657999,54,153,33698,553,0,9,2,23,0.0,1965,31345
74,14/5/2020,657984,58,146,33716,553,0,17,6,29,0.0,1971,31362
75,15/5/2020,657973,54,132,33745,553,0,11,0,25,0.0,1971,31373
76,16/5/2020,657963,48,121,33770,555,0,10,1,22,0.0,1972,31383
77,17/5/2020,657951,44,115,33790,557,0,12,2,22,0.0,1974,31395
78,18/5/2020,657940,46,94,33818,559,0,11,2,16,0.0,1976,31406
79,19/5/2020,657925,51,83,33839,559,0,16,2,16,0.0,1978,31422
80,20/5/2020,657913,49,80,33856,559,0,12,1,15,0.0,1979,31434
81,21/5/2020,657911,46,78,33863,559,0,4,1,16,0.0,1980,31438
82,22/5/2020,657901,47,72,33876,561,0,10,3,16,0.0,1983,31448
83,23/5/2020,657892,46,75,33882,562,0,9,0,14,0.0,1983,31457
84,24/5/2020,657883,43,76,33893,562,0,9,1,13,0.0,1984,31466
85,25/5/2020,657879,39,71,33905,563,0,4,1,12,0.0,1985,31470
86,26/5/2020,657870,36,67,33921,563,0,9,0,10,0.0,1985,31479
87,27/5/2020,657863,34,63,33934,563,0,7,0,8,0.0,1985,31486
88,28/5/2020,657860,33,57,33943,564,0,3,0,6,0.0,1985,31489
89,29/5/2020,657851,31,59,33952,564,0,9,0,6,0.0,1985,31498
90,30/5/2020,657847,30,44,33971,565,0,4,2,6,0.0,1987,31502
91,31/5/2020,657840,26,44,33982,565,0,7,0,4,0.0,1987,31509
92,1/6/2020,657832,28,37,33995,565,0,8,1,5,0.0,1988,31517
93,2/6/2020,657821,34,32,34005,565,0,11,0,4,0.0,1988,31528
94,3/6/2020,657816,33,33,34010,565,0,6,0,4,0.0,1988,31534
95,4/6/2020,657813,29,35,34015,565,0,3,0,3,0.0,1988,31537
96,5/6/2020,657805,28,41,34018,565,0,8,0,3,0.0,1988,31545
97,6/6/2020,657798,26,43,34025,565,0,7,1,4,0.0,1989,31552
98,7/6/2020,657795,22,44,34030,566,0,5,0,3,0.0,1989,31557
99,8/6/2020,657783,28,44,34036,566,0,12,1,4,0.0,1990,31569
100,9/6/2020,657775,31,40,34045,566,0,8,0,3,0.0,1990,31577
101,10/6/2020,657770,30,41,34049,567,0,5,0,2,0.0,1990,31582
102,11/6/2020,657761,32,41,34056,567,0,10,1,3,0.0,1991,31592
103,12/6/2020,657754,33,41,34062,567,0,9,0,3,0.0,1991,31601
104,13/6/2020,657752,28,45,34065,567,0,4,1,4,0.0,1992,31605
105,14/6/2020,657741,35,41,34073,567,0,11,1,5,0.0,1993,31616
106,15/6/2020,657733,36,40,34081,567,0,8,0,4,0.0,1993,31624
107,16/6/2020,657729,31,47,34083,567,0,6,0,4,0.0,1993,31630
108,17/6/2020,657725,34,42,34088,568,0,7,0,1,0.0,1993,31637
109,18/6/2020,657718,30,48,34093,568,0,9,1,2,0.0,1994,31646
110,19/6/2020,657713,34,42,34100,568,0,9,0,2,0.0,1994,31655
111,20/6/2020,657708,31,42,34108,568,0,9,0,1,0.0,1994,31664
112,21/6/2020,657704,33,39,34113,568,0,4,0,1,0.0,1994,31668
113,22/6/2020,657696,37,39,34117,568,0,11,1,2,0.0,1995,31679
114,23/6/2020,657691,34,41,34123,568,0,7,0,2,0.0,1995,31686
115,24/6/2020,657683,38,39,34129,568,0,11,0,2,0.0,1995,31697
116,25/6/2020,657676,34,42,34137,568,0,7,1,3,0.0,1996,31704
117,26/6/2020,657670,31,44,34143,569,0,7,0,2,0.0,1996,31711
118,27/6/2020,657669,28,48,34143,569,0,4,0,2,0.0,1996,31715
119,28/6/2020,657657,37,43,34151,569,0,13,0,2,0.0,1996,31728
120,29/6/2020,657648,40,43,34157,569,0,13,1,3,0.0,1997,31741
121,30/6/2020,657642,41,44,34161,569,0,10,0,3,0.0,1997,31751
122,1/7/2020,657630,48,44,34166,569,0,14,1,4,0.0,1998,31765
123,2/7/2020,657627,45,50,34166,569,0,9,0,4,0.0,1998,31774
124,3/7/2020,657626,40,49,34173,569,0,5,2,5,0.0,2000,31779
125,4/7/2020,657623,39,52,34174,569,0,8,1,6,0.0,2001,31787
126,5/7/2020,657611,46,51,34180,569,0,15,0,6,0.0,2001,31802
127,6/7/2020,657602,43,60,34183,569,0,12,0,6,0.0,2001,31814
128,7/7/2020,657591,48,58,34190,570,0,12,0,5,0.0,2001,31826
129,8/7/2020,657587,45,61,34194,570,0,8,2,7,0.0,2003,31834
130,9/7/2020,657585,42,63,34197,570,0,8,0,6,0.0,2003,31842
131,10/7/2020,657580,45,64,34198,570,0,15,0,5,0.0,2003,31857
132,11/7/2020,657580,44,58,34205,570,0,7,1,5,0.0,2004,31864
133,12/7/2020,657577,47,63,34199,571,0,18,0,4,0.0,2004,31882
134,13/7/2020,657578,41,61,34206,571,0,6,1,3,0.0,2005,31888
135,14/7/2020,657569,45,57,34215,571,0,10,0,3,0.0,2005,31898
136,15/7/2020,657562,49,58,34217,571,0,15,1,3,0.0,2006,31913
137,16/7/2020,657549,53,61,34223,571,0,19,0,3,0.0,2006,31932
138,17/7/2020,657544,56,63,34223,571,0,15,0,3,0.0,2006,31947
139,18/7/2020,657532,65,66,34222,572,0,22,0,2,0.0,2006,31969
140,19/7/2020,657519,71,68,34227,572,0,22,0,2,0.0,2006,31991
141,20/7/2020,657510,74,72,34229,572,0,18,2,3,0.0,2008,32009
142,21/7/2020,657501,80,79,34225,572,0,21,2,5,0.0,2010,32030
143,22/7/2020,657488,78,97,34222,572,0,25,1,6,0.0,2011,32055
144,23/7/2020,657469,94,95,34227,572,0,29,0,6,0.0,2011,32084
145,24/7/2020,657456,100,106,34223,572,0,27,1,7,0.0,2012,32111
146,25/7/2020,657440,106,112,34226,573,0,29,0,6,0.0,2012,32140
147,26/7/2020,657438,99,114,34233,573,0,19,2,7,0.0,2014,32159
148,27/7/2020,657427,100,122,34235,573,0,26,0,7,0.0,2014,32185
149,28/7/2020,657402,117,128,34237,573,0,44,0,6,0.0,2014,32229
150,29/7/2020,657396,127,125,34236,573,0,27,0,5,0.0,2014,32256
151,30/7/2020,657375,127,141,34241,573,0,35,0,4,0.0,2014,32291
152,31/7/2020,657366,128,143,34247,573,0,27,2,6,0.0,2016,32318
153,1/8/2020,657362,119,145,34258,573,0,23,1,5,0.0,2017,32341
154,2/8/2020,657348,130,149,34256,574,0,36,0,4,0.0,2017,32377
155,3/8/2020,657343,120,157,34263,574,0,27,4,8,0.0,2021,32404
156,4/8/2020,657341,115,167,34260,574,0,26,3,11,0.0,2024,32430
157,5/8/2020,657329,125,173,34255,575,0,39,0,10,0.0,2024,32469
158,6/8/2020,657318,129,173,34262,575,0,35,3,13,0.0,2027,32504
159,7/8/2020,657296,136,177,34273,575,0,37,2,14,0.0,2029,32541
160,8/8/2020,657281,140,173,34288,575,0,37,1,13,0.0,2030,32578
161,9/8/2020,657279,140,170,34293,575,0,28,0,13,0.0,2030,32606
162,10/8/2020,657265,147,177,34293,575,0,41,1,14,0.0,2031,32647
163,11/8/2020,657263,144,182,34292,576,0,32,3,13,0.0,2034,32679
164,12/8/2020,657251,145,184,34299,578,0,37,0,10,0.0,2034,32716
165,13/8/2020,657241,149,192,34296,579,0,40,3,12,0.0,2037,32756
166,14/8/2020,657230,142,206,34300,579,0,40,0,12,0.0,2037,32796
167,15/8/2020,657207,157,226,34288,579,0,57,5,17,0.0,2042,32853
168,16/8/2020,657162,189,227,34299,580,0,65,0,15,0.0,2042,32918
169,17/8/2020,657136,204,237,34300,580,0,59,3,17,0.0,2045,32977
170,18/8/2020,657108,220,255,34293,581,0,66,2,17,0.0,2047,33043
171,19/8/2020,657092,227,272,34286,580,0,57,1,16,0.0,2048,33100
172,20/8/2020,657074,228,285,34289,581,0,56,4,17,0.0,2052,33156
173,21/8/2020,657058,232,295,34291,581,0,55,2,15,0.0,2054,33211
174,22/8/2020,657042,232,308,34294,581,0,60,1,16,0.0,2055,33271
175,23/8/2020,657020,240,321,34293,583,0,67,2,15,0.0,2057,33338
176,24/8/2020,657026,240,326,34282,583,0,58,3,17,0.0,2060,33396
177,25/8/2020,657008,256,317,34293,583,0,72,1,16,0.0,2061,33468
178,26/8/2020,657000,247,331,34295,584,0,55,2,16,0.0,2063,33523
179,27/8/2020,656985,252,349,34287,584,0,69,2,16,0.0,2065,33592
180,28/8/2020,656984,246,361,34282,584,0,59,4,19,0.0,2069,33651
181,29/8/2020,656988,249,356,34280,584,0,61,5,20,0.0,2074,33712
182,30/8/2020,656980,262,360,34271,584,0,65,2,20,0.0,2076,33777
183,31/8/2020,656974,256,381,34262,584,0,68,3,22,0.0,2079,33845
184,1/9/2020,656961,255,395,34262,584,0,75,5,26,0.0,2084,33920
185,2/9/2020,656953,259,382,34278,585,0,66,1,22,0.0,2085,33986
186,3/9/2020,656961,253,395,34262,586,0,67,4,24,0.0,2089,34053
187,4/9/2020,656952,266,381,34271,587,0,70,1,23,0.0,2090,34123
188,5/9/2020,656960,275,389,34246,587,0,67,4,24,0.0,2094,34190
189,6/9/2020,656985,261,388,34237,586,0,53,3,23,0.0,2097,34243
190,7/9/2020,656988,257,387,34236,589,0,66,5,25,0.0,2102,34309
191,8/9/2020,656997,273,377,34220,590,0,75,4,27,0.0,2106,34384
192,9/9/2020,656974,300,361,34229,593,0,85,4,27,0.0,2110,34469
193,10/9/2020,656967,305,361,34231,593,0,66,3,27,0.0,2113,34535
194,11/9/2020,656976,296,368,34224,593,0,71,3,26,0.0,2116,34606
195,12/9/2020,656959,290,399,34215,594,0,76,4,28,0.0,2120,34682
196,13/9/2020,656960,291,404,34207,595,0,70,5,27,0.0,2125,34752
197,14/9/2020,656992,277,406,34186,596,0,52,5,29,0.0,2130,34804
198,15/9/2020,657005,272,407,34175,598,0,72,3,27,0.0,2133,34876
199,16/9/2020,657004,287,398,34170,598,0,81,5,32,0.0,2138,34957
200,17/9/2020,657018,287,396,34157,599,0,70,5,33,0.0,2143,35027
201,18/9/2020,657034,289,420,34114,600,0,78,4,35,0.0,2147,35105
202,19/9/2020,657052,313,405,34086,601,0,88,5,36,0.0,2152,35193
203,20/9/2020,657083,290,441,34041,602,0,63,3,35,0.0,2155,35256
204,21/9/2020,657092,303,442,34017,603,0,81,2,33,0.0,2157,35337
205,22/9/2020,657090,315,457,33991,604,0,85,4,34,0.0,2161,35422
206,23/9/2020,657141,295,449,33968,604,0,53,6,36,0.0,2167,35475
207,24/9/2020,657175,279,469,33929,605,0,73,3,36,0.0,2170,35548
208,25/9/2020,657224,265,452,33908,608,0,58,4,32,0.0,2174,35606
209,26/9/2020,657261,245,446,33896,609,0,52,2,31,0.0,2176,35658
210,27/9/2020,657307,235,426,33877,612,0,51,8,32,0.0,2184,35709
211,28/9/2020,657340,229,421,33855,612,0,62,5,33,0.0,2189,35771
212,29/9/2020,657393,219,426,33807,612,0,54,4,35,0.0,2193,35825
213,30/9/2020,657438,221,413,33771,614,0,52,10,41,0.0,2203,35877
214,1/10/2020,657506,230,377,33730,614,0,58,3,39,0.0,2206,35935
215,2/10/2020,657543,227,369,33702,616,0,52,4,39,0.0,2210,35987
216,3/10/2020,657622,216,376,33625,618,0,52,6,40,0.0,2216,36039
217,4/10/2020,657688,211,348,33591,619,0,51,6,42,0.0,2222,36090
218,5/10/2020,657762,216,350,33508,621,0,67,5,44,0.0,2227,36157
219,6/10/2020,657790,216,355,33474,622,0,63,2,42,0.0,2229,36220
220,7/10/2020,657848,232,339,33413,625,0,58,0,29,0.0,2229,36278
221,8/10/2020,657918,217,344,33352,626,0,45,4,31,0.0,2233,36323
222,9/10/2020,657966,235,347,33282,627,0,78,3,31,0.0,2236,36401
223,10/10/2020,658027,249,346,33207,628,0,70,3,30,0.0,2239,36471
224,11/10/2020,658094,246,344,33142,631,0,57,2,25,0.0,2241,36528
225,12/10/2020,658177,248,348,33052,632,0,56,2,22,0.0,2243,36584
226,13/10/2020,658246,246,343,32986,636,0,60,3,19,0.0,2246,36644
227,14/10/2020,658337,236,335,32911,638,0,51,4,20,0.0,2250,36695
228,15/10/2020,658439,219,350,32811,638,0,50,4,24,0.0,2254,36745
229,16/10/2020,658483,230,361,32745,638,0,72,3,24,0.0,2257,36817
230,17/10/2020,658535,250,344,32688,640,0,69,2,22,0.0,2259,36886
231,18/10/2020,658595,265,332,32625,640,0,77,4,20,0.0,2263,36963
232,19/10/2020,658685,259,360,32513,640,0,67,2,22,0.0,2265,37030
233,20/10/2020,658755,261,365,32435,641,0,65,4,22,0.0,2269,37095
234,21/10/2020,658858,280,348,32329,642,0,70,7,28,0.0,2276,37165
235,22/10/2020,658938,290,360,32226,643,0,77,3,29,0.0,2279,37242
236,23/10/2020,659028,282,375,32129,643,0,66,1,26,0.0,2280,37308
237,24/10/2020,659102,275,404,32032,644,0,79,7,31,0.0,2287,37387
238,25/10/2020,659185,275,404,31947,646,0,66,4,32,0.0,2291,37453
239,26/10/2020,659276,255,418,31862,646,0,57,3,34,0.0,2294,37510
240,27/10/2020,659359,262,430,31760,646,0,81,6,35,0.0,2300,37591
241,28/10/2020,659428,292,398,31689,650,0,80,3,31,0.0,2303,37671
242,29/10/2020,659512,302,416,31576,651,0,88,2,29,0.0,2305,37759
243,30/10/2020,659580,318,414,31492,653,0,84,5,27,0.0,2310,37843
244,31/10/2020,659671,315,430,31388,653,0,83,1,27,0.0,2311,37926
245,1/11/2020,659748,329,442,31285,653,0,88,3,28,0.0,2314,38014
246,2/11/2020,659799,362,444,31197,655,0,106,2,28,0.0,2316,38120
247,3/11/2020,659830,391,455,31123,658,0,113,6,27,0.0,2322,38233
248,4/11/2020,659861,412,461,31063,660,0,108,1,24,0.0,2323,38341
249,5/11/2020,659926,420,472,30979,660,0,103,3,25,0.0,2326,38444
250,6/11/2020,659967,434,491,30904,661,0,107,3,26,0.0,2329,38551
251,7/11/2020,660045,450,517,30784,661,0,113,8,33,0.0,2337,38664
252,8/11/2020,660099,458,543,30694,663,0,114,3,32,0.0,2340,38778
253,9/11/2020,660159,478,564,30592,664,0,132,2,31,0.0,2342,38910
254,10/11/2020,660223,484,592,30490,668,0,115,8,34,0.0,2350,39025
255,11/11/2020,660257,509,616,30406,669,0,142,5,36,0.0,2355,39167
256,12/11/2020,660270,544,616,30357,670,0,156,6,38,0.0,2361,39323
257,13/11/2020,660289,544,649,30305,670,0,146,2,36,0.0,2363,39469
258,14/11/2020,660310,562,683,30232,670,0,150,5,37,0.0,2368,39619
259,15/11/2020,660313,610,687,30177,670,0,168,3,37,0.0,2371,39787
260,16/11/2020,660341,612,720,30113,671,0,143,8,41,0.0,2379,39930
261,17/11/2020,660335,624,756,30071,671,0,168,5,41,0.0,2384,40098
262,18/11/2020,660340,663,784,29997,673,0,186,7,40,0.0,2391,40284
263,19/11/2020,660317,700,815,29952,673,0,197,5,44,0.0,2396,40481
264,20/11/2020,660315,728,831,29910,673,0,191,8,49,0.0,2404,40672
265,21/11/2020,660332,727,875,29849,674,0,180,6,51,0.0,2410,40852
266,22/11/2020,660344,721,921,29795,676,0,177,4,51,0.0,2414,41029
267,23/11/2020,660331,742,959,29747,678,0,193,4,50,0.0,2418,41222
268,24/11/2020,660334,766,1002,29675,680,0,213,8,52,0.0,2426,41435
269,25/11/2020,660330,807,1008,29628,684,0,216,6,51,0.0,2432,41651
270,26/11/2020,660281,823,1059,29609,685,0,227,6,49,0.0,2438,41878
271,27/11/2020,660240,872,1069,29588,688,0,244,10,48,0.0,2448,42122
272,28/11/2020,660182,908,1087,29590,690,0,238,5,47,0.0,2453,42360
273,29/11/2020,660144,902,1120,29600,691,0,209,12,54,0.0,2465,42569
274,30/11/2020,660033,953,1156,29621,694,0,276,7,54,0.0,2472,42845
275,1/12/2020,659965,982,1225,29591,694,0,263,8,56,0.0,2480,43108
276,2/12/2020,656859,1079,1247,29633,695,2944,317,10,61,0.0,2490,43425
277,3/12/2020,653688,1166,1309,29662,696,5936,355,10,64,0.0,2500,43780
278,4/12/2020,650557,1236,1360,29701,699,8904,334,14,72,0.0,2514,44114
279,5/12/2020,647412,1294,1468,29693,700,11890,357,12,82,0.0,2526,44471
280,6/12/2020,644228,1375,1563,29706,702,14883,395,10,84,0.0,2536,44866
281,7/12/2020,640979,1499,1605,29792,702,17880,428,12,90,0.0,2548,45294
282,8/12/2020,637756,1566,1702,29855,704,20874,409,18,99,0.0,2566,45703
283,9/12/2020,634519,1655,1810,29904,708,23861,454,11,97,0.0,2577,46157
284,10/12/2020,631099,1833,1883,30022,711,26909,545,11,97,0.0,2588,46702
285,11/12/2020,627696,1889,2024,30137,713,29998,497,16,101,0.0,2604,47199
286,12/12/2020,624407,1952,2122,30273,715,32988,511,12,103,0.0,2616,47710
287,13/12/2020,621026,2074,2216,30422,718,36001,563,11,104,0.0,2627,48273
288,14/12/2020,617755,2147,2391,30523,722,38919,571,18,107,0.0,2645,48844
289,15/12/2020,614355,2256,2570,30698,723,41855,655,17,114,0.0,2662,49499
290,16/12/2020,610891,2367,2718,30909,725,44847,656,19,123,0.0,2681,50155
291,17/12/2020,607369,2511,2846,31143,732,47856,708,17,126,0.0,2698,50863
292,18/12/2020,603805,2678,2955,31444,734,50841,742,28,140,0.0,2726,51605
293,19/12/2020,600284,2765,3129,31750,739,53790,743,22,150,0.0,2748,52348
294,20/12/2020,596731,2882,3303,32048,746,56747,784,17,149,0.0,2765,53132
295,21/12/2020,593026,3125,3417,32406,757,59726,907,15,146,0.0,2780,54039
296,22/12/2020,589366,3274,3587,32745,762,62723,857,29,154,0.0,2809,54896
297,23/12/2020,585603,3424,3786,33169,763,65712,955,22,164,0.0,2831,55851
298,24/12/2020,581836,3626,3969,33595,767,68664,975,23,179,0.0,2854,56826
299,25/12/2020,578001,3764,4171,34080,772,71669,992,31,188,0.0,2885,57818
300,26/12/2020,574020,3977,4427,34556,780,74697,1123,29,192,0.0,2914,58941
301,27/12/2020,570053,4154,4659,35111,783,77697,1133,16,193,0.0,2930,60074
302,28/12/2020,566168,4231,4921,35662,791,80684,1072,31,203,0.0,2961,61146
303,29/12/2020,562094,4407,5186,36256,797,83717,1224,30,211,0.0,2991,62370
304,30/12/2020,557977,4687,5355,36902,805,86731,1289,32,219,0.0,3023,63659
305,31/12/2020,553869,4850,5613,37545,810,89770,1253,39,235,0.0,3062,64912
306,1/1/2021,549592,5034,5901,38267,820,92843,1381,37,238,0.0,3099,66293
307,2/1/2021,545373,5242,6161,39042,821,95818,1433,26,245,0.0,3125,67726
308,3/1/2021,541139,5412,6392,39833,826,98855,1387,36,257,0.0,3161,69113
309,4/1/2021,536871,5557,6677,40712,832,101808,1496,41,263,0.0,3202,70609
310,5/1/2021,532566,5748,6890,41651,838,104764,1527,49,288,0.0,3251,72136
311,6/1/2021,528270,5811,7135,42632,844,107765,1468,26,283,0.0,3277,73604
312,7/1/2021,523813,6027,7334,43654,848,110781,1603,42,296,0.0,3319,75207
313,8/1/2021,519300,6215,7580,44698,857,113807,1659,31,285,0.0,3350,76866
314,9/1/2021,514693,6467,7794,45762,865,116876,1716,38,280,0.0,3388,78582
315,10/1/2021,510240,6573,8062,46864,869,119849,1660,54,306,0.0,3442,80242
316,11/1/2021,505669,6738,8371,47995,874,122810,1797,47,315,0.0,3489,82039
317,12/1/2021,500985,6932,8599,49230,882,125829,1841,49,326,0.0,3538,83880
318,13/1/2021,496329,7050,8945,50415,894,128824,1842,48,330,0.0,3586,85722
319,14/1/2021,491826,7176,9153,51720,903,131679,1828,58,346,0.0,3644,87550
320,15/1/2021,487040,7417,9325,53083,909,134683,1951,67,373,0.0,3711,89501
