#time,date,susceptible,exposed,infectious,recovered,dead,immune,num infections today,num hospitalisations today,hospital bed occupancy,num hospitalisations today (data),cum num hospitalisations today,cum num infections today
1,2/3/2020,689285,1394,1099,797,0,0,380,2,9,0.0,2,380
2,3/3/2020,688823,1557,1261,934,0,0,462,2,11,0.0,4,842
3,4/3/2020,688280,1746,1456,1093,0,0,544,3,12,0.0,7,1386
4,5/3/2020,687702,1936,1650,1286,1,0,578,6,17,0.0,13,1964
5,6/3/2020,687043,2128,1863,1538,3,0,659,4,18,0.0,17,2623
6,7/3/2020,686220,2467,2075,1810,3,0,823,11,29,0.0,28,3446
7,8/3/2020,685301,2860,2308,2102,4,0,919,11,37,0.0,39,4365
8,9/3/2020,684287,3238,2648,2398,4,0,1014,10,47,0.0,49,5379
9,10/3/2020,683260,3598,2922,2791,4,0,1028,9,55,0.0,58,6407
10,11/3/2020,682001,4013,3358,3199,4,0,1259,14,68,0.0,72,7666
11,12/3/2020,680678,4423,3782,3685,7,0,1323,18,78,0.0,90,8989
12,13/3/2020,679688,4420,4216,4243,8,0,990,13,85,0.0,103,9979
13,14/3/2020,678554,4563,4630,4820,8,0,1134,19,98,0.0,122,11113
14,15/3/2020,677346,4690,5082,5448,9,0,1208,30,123,0.0,152,12321
15,16/3/2020,676007,4854,5485,6217,12,0,1339,22,138,0.0,174,13660
16,17/3/2020,675003,4640,5860,7057,15,0,1004,36,160,0.0,210,14664
17,18/3/2020,673801,4710,6043,8005,16,0,1202,32,182,0.0,242,15866
18,19/3/2020,672615,4716,6253,8968,23,0,1187,27,194,0.0,269,17053
19,20/3/2020,671413,4739,6396,9997,30,0,1202,53,224,0.0,322,18255
20,21/3/2020,670440,4462,6580,11058,35,0,973,56,261,0.0,378,19228
21,22/3/2020,669481,4328,6568,12157,41,0,959,45,279,0.0,423,20187
22,23/3/2020,668513,4229,6545,13245,43,0,968,63,323,0.0,486,21155
23,24/3/2020,668011,3661,6482,14368,53,0,504,55,343,0.0,541,21659
24,25/3/2020,667536,3098,6374,15506,61,0,475,48,360,0.0,589,22134
25,26/3/2020,667061,2654,6137,16652,71,0,475,56,377,0.0,645,22609
26,27/3/2020,666645,2283,5807,17755,85,0,417,54,387,0.0,699,23026
27,28/3/2020,666226,2036,5376,18845,92,0,419,58,401,0.0,757,23445
28,29/3/2020,665830,1848,4988,19804,105,0,396,65,427,0.0,822,23841
29,30/3/2020,665454,1746,4438,20809,128,0,377,63,434,0.0,885,24218
30,31/3/2020,665121,1609,4045,21666,134,0,333,78,478,0.0,963,24551
31,1/4/2020,664825,1446,3676,22482,146,0,296,56,482,0.0,1019,24847
32,2/4/2020,664571,1330,3323,23185,166,0,254,51,477,0.0,1070,25101
33,3/4/2020,664286,1235,3095,23771,188,0,285,47,474,0.0,1117,25386
34,4/4/2020,664063,1110,2880,24322,200,0,224,63,492,0.0,1180,25610
35,5/4/2020,663834,1071,2626,24826,218,0,230,43,461,0.0,1223,25840
36,6/4/2020,663615,990,2441,25302,227,0,219,39,441,0.0,1262,26059
37,7/4/2020,663418,913,2242,25754,248,0,199,38,406,0.0,1300,26258
38,8/4/2020,663227,872,2037,26173,266,0,192,30,371,0.0,1330,26450
39,9/4/2020,663061,815,1876,26541,282,0,166,26,333,0.0,1356,26616
40,10/4/2020,662917,776,1705,26879,298,0,144,23,309,0.0,1379,26760
41,11/4/2020,662773,707,1578,27205,312,0,144,27,287,0.0,1406,26904
42,12/4/2020,662646,629,1497,27476,327,0,127,30,269,0.0,1436,27031
43,13/4/2020,662528,578,1396,27731,342,0,118,23,251,0.0,1459,27149
44,14/4/2020,662416,541,1304,27963,351,0,112,17,228,0.0,1476,27261
45,15/4/2020,662293,507,1197,28213,365,0,123,16,209,0.0,1492,27384
46,16/4/2020,662210,446,1124,28419,376,0,83,15,189,0.0,1507,27467
47,17/4/2020,662113,423,1043,28610,386,0,97,18,177,0.0,1525,27564
48,18/4/2020,662016,426,941,28795,397,0,97,11,158,0.0,1536,27661
49,19/4/2020,661933,388,878,28971,405,0,83,12,143,0.0,1548,27744
50,20/4/2020,661854,374,798,29136,413,0,79,8,125,0.0,1556,27823
51,21/4/2020,661793,349,743,29271,419,0,61,14,116,0.0,1570,27884
52,22/4/2020,661715,320,707,29408,425,0,78,7,107,0.0,1577,27962
53,23/4/2020,661668,292,648,29538,429,0,47,7,105,0.0,1584,28009
54,24/4/2020,661632,237,631,29636,439,0,36,8,94,0.0,1592,28045
55,25/4/2020,661594,200,592,29748,441,0,38,14,98,0.0,1606,28083
56,26/4/2020,661559,177,518,29872,449,0,35,8,81,0.0,1614,28118
57,27/4/2020,661517,179,476,29951,452,0,42,3,73,0.0,1617,28160
58,28/4/2020,661472,169,450,30029,455,0,45,7,71,0.0,1624,28205
59,29/4/2020,661445,144,403,30123,460,0,27,5,63,0.0,1629,28232
60,30/4/2020,661416,136,369,30190,464,0,31,5,57,0.0,1634,28263
61,1/5/2020,661387,128,340,30255,465,0,29,8,57,0.0,1642,28292
62,2/5/2020,661353,132,299,30323,468,0,34,6,53,0.0,1648,28326
63,3/5/2020,661331,122,276,30376,470,0,22,2,46,0.0,1650,28348
64,4/5/2020,661306,119,260,30419,471,0,25,1,43,0.0,1651,28373
65,5/5/2020,661288,105,254,30454,474,0,19,4,40,0.0,1655,28392
66,6/5/2020,661256,112,231,30500,476,0,32,4,38,0.0,1659,28424
67,7/5/2020,661241,97,219,30540,478,0,15,2,34,0.0,1661,28439
68,8/5/2020,661221,93,208,30574,479,0,20,4,31,0.0,1665,28459
69,9/5/2020,661209,82,195,30609,480,0,12,6,32,0.0,1671,28471
70,10/5/2020,661183,88,188,30635,481,0,27,2,31,0.0,1673,28498
71,11/5/2020,661176,68,176,30672,483,0,7,3,31,0.0,1676,28505
72,12/5/2020,661166,60,165,30699,485,0,10,1,28,0.0,1677,28515
73,13/5/2020,661153,57,141,30736,488,0,13,2,25,0.0,1679,28528
74,14/5/2020,661144,45,132,30765,489,0,9,2,24,0.0,1681,28537
75,15/5/2020,661131,45,110,30800,489,0,13,1,19,0.0,1682,28550
76,16/5/2020,661119,47,100,30819,490,0,12,2,17,0.0,1684,28562
77,17/5/2020,661113,37,102,30832,491,0,6,0,15,0.0,1684,28568
78,18/5/2020,661104,37,93,30849,492,0,9,0,14,0.0,1684,28577
79,19/5/2020,661098,38,83,30863,493,0,7,1,12,0.0,1685,28584
80,20/5/2020,661093,31,81,30876,494,0,5,2,12,0.0,1687,28589
81,21/5/2020,661090,26,74,30890,495,0,4,1,12,0.0,1688,28593
82,22/5/2020,661081,30,63,30905,496,0,9,2,10,0.0,1690,28602
83,23/5/2020,661069,36,59,30914,497,0,12,1,10,0.0,1691,28614
84,24/5/2020,661055,40,61,30921,498,0,14,4,13,0.0,1695,28628
85,25/5/2020,661047,41,58,30931,498,0,8,2,15,0.0,1697,28636
86,26/5/2020,661043,35,57,30941,499,0,4,2,16,0.0,1699,28640
87,27/5/2020,661033,41,53,30949,499,0,12,0,14,0.0,1699,28652
88,28/5/2020,661028,37,56,30955,499,0,5,1,13,0.0,1700,28657
89,29/5/2020,661018,37,59,30961,500,0,11,0,11,0.0,1700,28668
90,30/5/2020,661005,39,63,30968,500,0,13,0,9,0.0,1700,28681
91,31/5/2020,660998,40,56,30981,500,0,7,1,9,0.0,1701,28688
92,1/6/2020,660989,43,54,30989,500,0,9,0,8,0.0,1701,28697
93,2/6/2020,660972,49,55,30999,500,0,17,2,8,0.0,1703,28714
94,3/6/2020,660970,44,51,31010,500,0,3,0,6,0.0,1703,28717
95,4/6/2020,660964,41,50,31020,500,0,6,1,5,0.0,1704,28723
96,5/6/2020,660959,37,50,31029,500,0,5,1,5,0.0,1705,28728
97,6/6/2020,660953,30,52,31040,500,0,7,0,3,0.0,1705,28735
98,7/6/2020,660951,24,55,31045,500,0,3,3,6,0.0,1708,28738
99,8/6/2020,660945,27,49,31054,500,0,8,0,6,0.0,1708,28746
100,9/6/2020,660940,28,47,31060,500,0,7,0,6,0.0,1708,28753
101,10/6/2020,660936,28,39,31072,500,0,5,1,6,0.0,1709,28758
102,11/6/2020,660931,27,39,31078,500,0,5,0,5,0.0,1709,28763
103,12/6/2020,660923,27,37,31088,500,0,8,2,7,0.0,1711,28771
104,13/6/2020,660921,25,34,31094,501,0,2,0,5,0.0,1711,28773
105,14/6/2020,660916,18,45,31094,502,0,7,2,6,0.0,1713,28780
106,15/6/2020,660909,24,42,31098,502,0,8,0,6,0.0,1713,28788
107,16/6/2020,660903,28,36,31105,503,0,8,2,7,0.0,1715,28796
108,17/6/2020,660897,26,40,31109,503,0,6,0,7,0.0,1715,28802
109,18/6/2020,660891,28,39,31114,503,0,7,0,7,0.0,1715,28809
110,19/6/2020,660880,34,39,31119,503,0,11,1,6,0.0,1716,28820
111,20/6/2020,660867,38,40,31127,503,0,14,1,7,0.0,1717,28834
112,21/6/2020,660861,37,44,31130,503,0,10,0,7,0.0,1717,28844
113,22/6/2020,660853,36,50,31133,503,0,10,0,7,0.0,1717,28854
114,23/6/2020,660848,36,51,31137,503,0,6,0,5,0.0,1717,28860
115,24/6/2020,660838,40,58,31136,503,0,13,1,6,0.0,1718,28873
116,25/6/2020,660829,41,59,31143,503,0,11,1,6,0.0,1719,28884
117,26/6/2020,660814,48,57,31153,503,0,16,0,5,0.0,1719,28900
118,27/6/2020,660805,48,57,31161,504,0,10,0,4,0.0,1719,28910
119,28/6/2020,660800,44,62,31164,505,0,8,1,4,0.0,1720,28918
120,29/6/2020,660790,44,67,31169,505,0,12,0,4,0.0,1720,28930
121,30/6/2020,660784,43,67,31176,505,0,9,1,4,0.0,1721,28939
122,1/7/2020,660774,44,66,31186,505,0,12,1,5,0.0,1722,28951
123,2/7/2020,660769,44,58,31199,505,0,9,0,5,0.0,1722,28960
124,3/7/2020,660767,40,61,31202,505,0,6,0,3,0.0,1722,28966
125,4/7/2020,660759,39,65,31207,505,0,9,0,3,0.0,1722,28975
126,5/7/2020,660749,44,63,31213,506,0,13,0,2,0.0,1722,28988
127,6/7/2020,660731,54,64,31220,506,0,20,1,3,0.0,1723,29008
128,7/7/2020,660724,44,75,31226,506,0,8,3,6,0.0,1726,29016
129,8/7/2020,660712,54,67,31236,506,0,17,0,5,0.0,1726,29033
130,9/7/2020,660695,68,68,31237,507,0,25,0,4,0.0,1726,29058
131,10/7/2020,660696,64,67,31241,507,0,7,1,5,0.0,1727,29065
132,11/7/2020,660681,67,72,31248,507,0,19,1,6,0.0,1728,29084
133,12/7/2020,660676,62,80,31250,507,0,11,0,6,0.0,1728,29095
134,13/7/2020,660666,51,93,31258,507,0,14,2,8,0.0,1730,29109
135,14/7/2020,660659,55,95,31257,509,0,18,0,6,0.0,1730,29127
136,15/7/2020,660644,67,89,31265,510,0,23,0,5,0.0,1730,29150
137,16/7/2020,660643,61,85,31275,511,0,8,0,3,0.0,1730,29158
138,17/7/2020,660634,65,86,31278,512,0,18,0,2,0.0,1730,29176
139,18/7/2020,660624,63,91,31285,512,0,19,0,2,0.0,1730,29195
140,19/7/2020,660611,64,94,31294,512,0,20,0,1,0.0,1730,29215
141,20/7/2020,660594,80,98,31291,512,0,29,0,0,0.0,1730,29244
142,21/7/2020,660586,84,96,31297,512,0,18,0,0,0.0,1730,29262
143,22/7/2020,660574,85,111,31293,512,0,25,2,2,0.0,1732,29287
144,23/7/2020,660558,96,108,31301,512,0,29,2,4,0.0,1734,29316
145,24/7/2020,660541,106,107,31309,512,0,31,0,4,0.0,1734,29347
146,25/7/2020,660524,115,115,31309,512,0,29,3,7,0.0,1737,29376
147,26/7/2020,660515,119,121,31308,512,0,28,0,7,0.0,1737,29404
148,27/7/2020,660494,119,137,31313,512,0,35,1,8,0.0,1738,29439
149,28/7/2020,660478,116,143,31326,512,0,28,2,10,0.0,1740,29467
150,29/7/2020,660462,124,149,31327,513,0,35,0,9,0.0,1740,29502
151,30/7/2020,660451,126,155,31330,513,0,29,2,11,0.0,1742,29531
152,31/7/2020,660444,120,163,31335,513,0,24,1,10,0.0,1743,29555
153,1/8/2020,660442,107,180,31333,513,0,21,2,10,0.0,1745,29576
154,2/8/2020,660433,111,167,31349,515,0,31,0,8,0.0,1745,29607
155,3/8/2020,660423,118,170,31349,515,0,32,1,8,0.0,1746,29639
156,4/8/2020,660408,115,178,31358,516,0,35,3,10,0.0,1749,29674
157,5/8/2020,660398,119,175,31367,516,0,33,2,11,0.0,1751,29707
158,6/8/2020,660390,132,168,31369,516,0,31,1,10,0.0,1752,29738
159,7/8/2020,660378,135,169,31377,516,0,33,2,11,0.0,1754,29771
160,8/8/2020,660362,139,182,31376,516,0,41,2,13,0.0,1756,29812
161,9/8/2020,660363,133,183,31378,518,0,27,3,13,0.0,1759,29839
162,10/8/2020,660351,131,201,31374,518,0,38,3,15,0.0,1762,29877
163,11/8/2020,660334,137,204,31382,518,0,39,1,15,0.0,1763,29916
164,12/8/2020,660319,154,202,31383,517,0,44,2,16,0.0,1765,29960
165,13/8/2020,660307,165,200,31386,517,0,43,5,21,0.0,1770,30003
166,14/8/2020,660298,161,194,31403,519,0,36,1,17,0.0,1771,30039
167,15/8/2020,660277,177,190,31412,519,0,50,3,18,0.0,1774,30089
168,16/8/2020,660266,175,208,31407,519,0,45,1,16,0.0,1775,30134
169,17/8/2020,660244,193,215,31404,519,0,53,3,17,0.0,1778,30187
170,18/8/2020,660234,205,234,31382,520,0,58,2,18,0.0,1780,30245
171,19/8/2020,660203,232,236,31383,521,0,67,3,19,0.0,1783,30312
172,20/8/2020,660189,233,248,31383,522,0,52,1,18,0.0,1784,30364
173,21/8/2020,660181,223,263,31386,522,0,45,1,19,0.0,1785,30409
174,22/8/2020,660159,230,282,31381,523,0,69,1,18,0.0,1786,30478
175,23/8/2020,660141,238,301,31370,525,0,69,1,15,0.0,1787,30547
176,24/8/2020,660119,250,299,31379,528,0,65,2,13,0.0,1789,30612
177,25/8/2020,660120,253,314,31359,529,0,57,0,12,0.0,1789,30669
178,26/8/2020,660089,248,336,31373,529,0,69,4,15,0.0,1793,30738
179,27/8/2020,660068,273,322,31383,529,0,77,2,15,0.0,1795,30815
180,28/8/2020,660049,279,346,31372,529,0,72,5,20,0.0,1800,30887
181,29/8/2020,660025,292,351,31378,529,0,79,0,20,0.0,1800,30966
182,30/8/2020,660005,306,354,31380,530,0,78,3,16,0.0,1803,31044
183,31/8/2020,659993,311,358,31383,530,0,71,4,18,0.0,1807,31115
184,1/9/2020,659994,288,382,31381,530,0,57,3,19,0.0,1810,31172
185,2/9/2020,659981,289,393,31381,531,0,75,2,20,0.0,1812,31247
186,3/9/2020,659967,284,398,31395,531,0,66,5,22,0.0,1817,31313
187,4/9/2020,659961,277,411,31395,531,0,60,4,25,0.0,1821,31373
188,5/9/2020,659957,294,401,31392,531,0,72,2,25,0.0,1823,31445
189,6/9/2020,659946,289,421,31387,532,0,69,6,29,0.0,1829,31514
190,7/9/2020,659935,303,400,31403,534,0,74,6,31,0.0,1835,31588
191,8/9/2020,659950,282,388,31418,537,0,48,4,32,0.0,1839,31636
192,9/9/2020,659954,276,385,31421,539,0,66,7,35,0.0,1846,31702
193,10/9/2020,659945,263,389,31437,541,0,66,4,35,0.0,1850,31768
194,11/9/2020,659937,265,400,31432,541,0,69,8,42,0.0,1858,31837
195,12/9/2020,659952,263,403,31414,543,0,66,7,45,0.0,1865,31903
196,13/9/2020,659940,272,397,31423,543,0,77,5,48,0.0,1870,31980
197,14/9/2020,659949,269,410,31402,545,0,70,4,46,0.0,1874,32050
198,15/9/2020,659937,291,395,31406,546,0,82,1,40,0.0,1875,32132
199,16/9/2020,659923,291,407,31408,546,0,81,6,39,0.0,1881,32213
200,17/9/2020,659918,301,417,31391,548,0,84,5,37,0.0,1886,32297
201,18/9/2020,659928,308,426,31364,549,0,85,3,36,0.0,1889,32382
202,19/9/2020,659926,325,445,31328,551,0,88,4,35,0.0,1893,32470
203,20/9/2020,659918,320,464,31321,552,0,86,2,29,0.0,1895,32556
204,21/9/2020,659912,316,481,31313,553,0,84,4,28,0.0,1899,32640
205,22/9/2020,659913,334,475,31299,554,0,93,3,28,0.0,1902,32733
206,23/9/2020,659935,328,478,31279,555,0,79,9,35,0.0,1911,32812
207,24/9/2020,659941,324,477,31276,557,0,81,3,33,0.0,1914,32893
208,25/9/2020,659963,298,498,31256,560,0,60,3,31,0.0,1917,32953
209,26/9/2020,660017,272,497,31229,560,0,57,4,31,0.0,1921,33010
210,27/9/2020,660039,274,481,31220,561,0,65,6,35,0.0,1927,33075
211,28/9/2020,660076,263,474,31199,563,0,64,4,35,0.0,1931,33139
212,29/9/2020,660124,246,450,31190,565,0,51,3,34,0.0,1934,33190
213,30/9/2020,660184,236,436,31153,566,0,57,6,37,0.0,1940,33247
214,1/10/2020,660224,237,429,31119,566,0,69,4,38,0.0,1944,33316
215,2/10/2020,660288,234,412,31071,570,0,56,5,37,0.0,1949,33372
216,3/10/2020,660356,231,391,31025,572,0,56,6,39,0.0,1955,33428
217,4/10/2020,660428,227,383,30963,574,0,58,4,37,0.0,1959,33486
218,5/10/2020,660444,244,383,30930,574,0,75,4,40,0.0,1963,33561
219,6/10/2020,660500,239,393,30868,575,0,62,8,44,0.0,1971,33623
220,7/10/2020,660539,245,385,30830,576,0,70,4,41,0.0,1975,33693
221,8/10/2020,660606,243,393,30754,579,0,59,3,38,0.0,1978,33752
222,9/10/2020,660678,245,399,30673,580,0,64,6,41,0.0,1984,33816
223,10/10/2020,660712,241,411,30629,582,0,63,2,37,0.0,1986,33879
224,11/10/2020,660762,253,396,30582,582,0,62,5,41,0.0,1991,33941
225,12/10/2020,660809,257,398,30528,583,0,74,4,39,0.0,1995,34015
226,13/10/2020,660871,260,380,30480,584,0,59,1,34,0.0,1996,34074
227,14/10/2020,660929,261,395,30406,584,0,71,0,31,0.0,1996,34145
228,15/10/2020,661005,255,389,30340,586,0,62,4,29,0.0,2000,34207
229,16/10/2020,661063,259,392,30274,587,0,72,1,27,0.0,2001,34279
230,17/10/2020,661120,272,377,30216,590,0,67,0,22,0.0,2001,34346
231,18/10/2020,661200,283,364,30136,592,0,66,6,24,0.0,2007,34412
232,19/10/2020,661239,305,365,30071,595,0,86,6,25,0.0,2013,34498
233,20/10/2020,661306,301,383,29989,596,0,68,6,30,0.0,2019,34566
234,21/10/2020,661357,311,382,29928,597,0,76,2,29,0.0,2021,34642
235,22/10/2020,661431,302,385,29860,597,0,67,0,25,0.0,2021,34709
236,23/10/2020,661495,295,406,29782,597,0,76,3,26,0.0,2024,34785
237,24/10/2020,661544,293,408,29733,597,0,67,4,26,0.0,2028,34852
238,25/10/2020,661601,299,396,29682,597,0,78,1,23,0.0,2029,34930
239,26/10/2020,661662,303,387,29623,600,0,70,2,19,0.0,2031,35000
240,27/10/2020,661750,273,407,29545,600,0,54,2,19,0.0,2033,35054
241,28/10/2020,661817,282,417,29459,600,0,81,2,18,0.0,2035,35135
242,29/10/2020,661847,310,416,29402,600,0,96,3,16,0.0,2038,35231
243,30/10/2020,661914,329,413,29319,600,0,91,5,19,0.0,2043,35322
244,31/10/2020,661979,339,415,29241,601,0,85,2,20,0.0,2045,35407
245,1/11/2020,662054,338,415,29165,603,0,76,2,19,0.0,2047,35483
246,2/11/2020,662124,332,441,29075,603,0,88,6,25,0.0,2053,35571
247,3/11/2020,662186,325,480,28980,604,0,99,5,29,0.0,2058,35670
248,4/11/2020,662234,370,482,28884,605,0,117,6,31,0.0,2064,35787
249,5/11/2020,662273,363,489,28842,608,0,89,5,31,0.0,2069,35876
250,6/11/2020,662319,386,499,28761,610,0,105,0,27,0.0,2069,35981
251,7/11/2020,662367,409,499,28690,610,0,100,4,26,0.0,2073,36081
252,8/11/2020,662412,408,522,28622,611,0,104,7,32,0.0,2080,36185
253,9/11/2020,662439,428,539,28557,612,0,124,3,30,0.0,2083,36309
254,10/11/2020,662469,478,537,28475,616,0,141,6,31,0.0,2089,36450
255,11/11/2020,662497,490,565,28406,617,0,121,6,34,0.0,2095,36571
256,12/11/2020,662521,524,570,28339,621,0,137,2,32,0.0,2097,36708
257,13/11/2020,662579,514,602,28259,621,0,122,1,30,0.0,2098,36830
258,14/11/2020,662594,522,634,28204,621,0,141,5,32,0.0,2103,36971
259,15/11/2020,662586,566,658,28143,622,0,163,3,32,0.0,2106,37134
260,16/11/2020,662618,579,681,28075,622,0,137,2,31,0.0,2108,37271
261,17/11/2020,662611,587,725,28029,623,0,158,7,32,0.0,2115,37429
262,18/11/2020,662610,591,766,27984,624,0,158,6,35,0.0,2121,37587
263,19/11/2020,662583,620,799,27948,625,0,181,7,39,0.0,2128,37768
264,20/11/2020,662529,680,820,27919,627,0,201,8,43,0.0,2136,37969
265,21/11/2020,662523,721,813,27890,628,0,185,7,45,0.0,2143,38154
266,22/11/2020,662479,746,864,27858,628,0,204,8,51,0.0,2151,38358
267,23/11/2020,662444,787,895,27819,630,0,209,5,50,0.0,2156,38567
268,24/11/2020,662402,834,919,27789,631,0,229,7,53,0.0,2163,38796
269,25/11/2020,662355,837,991,27759,633,0,213,5,53,0.0,2168,39009
270,26/11/2020,662284,895,1008,27753,635,0,245,7,50,0.0,2175,39254
271,27/11/2020,662200,953,1079,27707,636,0,278,8,53,0.0,2183,39532
272,28/11/2020,662093,1004,1144,27695,639,0,280,9,58,0.0,2192,39812
273,29/11/2020,661976,1069,1205,27684,641,0,294,8,60,0.0,2200,40106
274,30/11/2020,661848,1124,1261,27697,645,0,305,8,59,0.0,2208,40411
275,1/12/2020,661748,1129,1345,27701,652,0,279,9,57,0.0,2217,40690
276,2/12/2020,658573,1255,1346,27769,652,2980,366,5,55,0.0,2222,41056
277,3/12/2020,655337,1280,1492,27781,654,6031,365,8,57,0.0,2230,41421
278,4/12/2020,652040,1356,1581,27881,656,9061,400,13,65,0.0,2243,41821
279,5/12/2020,648861,1431,1649,27957,659,12018,390,9,67,0.0,2252,42211
280,6/12/2020,645522,1560,1726,28047,661,15059,470,15,75,0.0,2267,42681
281,7/12/2020,642218,1652,1831,28143,663,18068,455,10,80,0.0,2277,43136
282,8/12/2020,638909,1793,1867,28254,666,21086,455,8,77,0.0,2285,43591
283,9/12/2020,635578,1872,2008,28362,668,24087,495,17,91,0.0,2302,44086
284,10/12/2020,632129,1922,2129,28510,670,27215,486,20,106,0.0,2322,44572
285,11/12/2020,628750,1940,2299,28696,673,30217,514,13,105,0.0,2335,45086
286,12/12/2020,625369,2037,2412,28908,675,33174,592,16,108,0.0,2351,45678
287,13/12/2020,621931,2199,2524,29073,677,36171,634,19,114,0.0,2370,46312
288,14/12/2020,618366,2353,2672,29281,679,39224,682,14,115,0.0,2384,46994
289,15/12/2020,614838,2542,2797,29515,682,42201,719,20,124,0.0,2404,47713
290,16/12/2020,611334,2645,2955,29787,687,45167,700,15,123,0.0,2419,48413
291,17/12/2020,607856,2759,3107,30069,691,48093,740,21,133,0.0,2440,49153
292,18/12/2020,604245,2908,3308,30331,693,51090,809,33,155,0.0,2473,49962
293,19/12/2020,600526,3099,3488,30688,697,54077,898,33,175,0.0,2506,50860
294,20/12/2020,596780,3263,3651,31074,702,57105,873,19,184,0.0,2525,51733
295,21/12/2020,593082,3378,3818,31489,706,60102,871,22,191,0.0,2547,52604
296,22/12/2020,589351,3471,4039,31919,711,63084,928,32,206,0.0,2579,53532
297,23/12/2020,585455,3639,4263,32396,721,66101,1021,33,210,0.0,2612,54553
298,24/12/2020,581529,3832,4397,32976,723,69118,1049,23,214,0.0,2635,55602
299,25/12/2020,577737,3979,4559,33523,732,72045,1027,31,222,0.0,2666,56629
300,26/12/2020,573825,4129,4796,34060,740,75025,1110,27,225,0.0,2693,57739
301,27/12/2020,569742,4364,5009,34660,751,78049,1228,41,236,0.0,2734,58967
302,28/12/2020,565725,4512,5233,35302,758,81045,1180,43,256,0.0,2777,60147
303,29/12/2020,561636,4586,5499,36013,762,84079,1217,22,255,0.0,2799,61364
304,30/12/2020,557467,4862,5715,36706,769,87056,1360,26,246,0.0,2825,62724
305,31/12/2020,553241,5078,5946,37441,778,90091,1374,43,262,0.0,2868,64098
306,1/1/2021,548881,5321,6183,38287,784,93119,1484,44,273,0.0,2912,65582
307,2/1/2021,544637,5512,6439,39157,795,96035,1493,21,255,0.0,2933,67075
308,3/1/2021,540357,5639,6748,40050,800,98981,1479,47,268,0.0,2980,68554
309,4/1/2021,535975,5907,6964,40988,809,101932,1600,43,281,0.0,3023,70154
310,5/1/2021,531537,6108,7278,41908,815,104929,1604,62,321,0.0,3085,71758
311,6/1/2021,527049,6315,7578,42871,825,107937,1655,40,329,0.0,3125,73413
312,7/1/2021,522525,6453,7903,43943,838,110913,1703,47,341,0.0,3172,75116
313,8/1/2021,517862,6663,8170,45103,843,113934,1790,44,351,0.0,3216,76906
314,9/1/2021,513058,7029,8378,46282,850,116978,1926,48,357,0.0,3264,78832
315,10/1/2021,508280,7254,8695,47474,856,120016,1898,59,380,0.0,3323,80730
316,11/1/2021,503615,7384,9062,48706,861,122947,1884,52,389,0.0,3375,82614
317,12/1/2021,498737,7670,9314,50049,869,125936,2043,53,398,0.0,3428,84657
318,13/1/2021,493973,7778,9602,51489,883,128850,2001,66,425,0.0,3494,86658
319,14/1/2021,489087,7981,9823,52927,894,131863,2028,56,425,0.0,3550,88686
320,15/1/2021,484215,8055,10085,54431,905,134884,2003,61,434,0.0,3611,90689
