#time,date,susceptible,exposed,infectious,recovered,dead,immune,num infections today,num hospitalisations today,hospital bed occupancy,num hospitalisations today (data),cum num hospitalisations today,cum num infections today
1,2/3/2020,688251,1538,1213,817,1,0,427,2,11,0.0,2,427
2,3/3/2020,687694,1753,1376,996,1,0,557,9,20,0.0,11,984
3,4/3/2020,687103,1959,1576,1180,2,0,591,8,27,0.0,19,1575
4,5/3/2020,686433,2200,1799,1386,2,0,670,8,35,0.0,27,2245
5,6/3/2020,685658,2474,2078,1608,2,0,775,13,47,0.0,40,3020
6,7/3/2020,684742,2823,2359,1892,4,0,916,11,54,0.0,51,3936
7,8/3/2020,683727,3188,2678,2223,4,0,1015,13,62,0.0,64,4951
8,9/3/2020,682627,3588,2990,2611,4,0,1101,17,77,0.0,81,6052
9,10/3/2020,681430,4001,3382,3000,7,0,1198,8,80,0.0,89,7250
10,11/3/2020,680091,4433,3812,3477,7,0,1339,16,90,0.0,105,8589
11,12/3/2020,678503,5026,4284,3997,10,0,1588,14,93,0.0,119,10177
12,13/3/2020,677395,5006,4799,4604,16,0,1108,20,99,0.0,139,11285
13,14/3/2020,676138,5056,5277,5332,17,0,1257,29,117,0.0,168,12542
14,15/3/2020,674741,5216,5739,6104,20,0,1397,31,141,0.0,199,13939
15,16/3/2020,673275,5426,6141,6955,23,0,1466,23,155,0.0,222,15405
16,17/3/2020,672131,5241,6568,7854,26,0,1145,30,170,0.0,252,16550
17,18/3/2020,670883,5164,6839,8906,28,0,1248,42,195,0.0,294,17798
18,19/3/2020,669614,5184,6996,9998,28,0,1269,48,232,0.0,342,19067
19,20/3/2020,668330,5182,7103,11169,36,0,1284,50,261,0.0,392,20351
20,21/3/2020,667353,4882,7225,12321,39,0,977,55,296,0.0,447,21328
21,22/3/2020,666378,4609,7216,13573,44,0,975,53,318,0.0,500,22303
22,23/3/2020,665338,4422,7234,14778,48,0,1040,62,353,0.0,562,23343
23,24/3/2020,664796,3821,7181,15972,50,0,542,67,395,0.0,629,23885
24,25/3/2020,664273,3285,6968,17230,64,0,523,68,422,0.0,697,24408
25,26/3/2020,663776,2813,6725,18432,74,0,497,57,441,0.0,754,24905
26,27/3/2020,663315,2451,6325,19642,87,0,461,62,465,0.0,816,25366
27,28/3/2020,662885,2186,5864,20789,96,0,430,74,496,0.0,890,25796
28,29/3/2020,662459,1983,5322,21940,116,0,426,58,485,0.0,948,26222
29,30/3/2020,662108,1817,4798,22969,128,0,351,70,496,0.0,1018,26573
30,31/3/2020,661734,1693,4290,23962,141,0,375,52,489,0.0,1070,26948
31,1/4/2020,661412,1576,3892,24785,155,0,322,59,495,0.0,1129,27270
32,2/4/2020,661119,1453,3525,25547,176,0,293,69,501,0.0,1198,27563
33,3/4/2020,660822,1363,3283,26164,188,0,298,63,503,0.0,1261,27861
34,4/4/2020,660582,1272,2988,26774,204,0,240,48,482,0.0,1309,28101
35,5/4/2020,660375,1130,2730,27359,226,0,207,56,474,0.0,1365,28308
36,6/4/2020,660160,999,2597,27823,241,0,215,55,483,0.0,1420,28523
37,7/4/2020,659943,956,2389,28276,256,0,217,47,466,0.0,1467,28740
38,8/4/2020,659774,875,2212,28688,271,0,169,36,433,0.0,1503,28909
39,9/4/2020,659607,772,2103,29058,280,0,167,34,411,0.0,1537,29076
40,10/4/2020,659449,708,1929,29438,296,0,158,36,391,0.0,1573,29234
41,11/4/2020,659296,665,1776,29772,311,0,153,31,370,0.0,1604,29387
42,12/4/2020,659139,640,1648,30066,327,0,157,31,346,0.0,1635,29544
43,13/4/2020,659020,582,1518,30354,346,0,119,22,315,0.0,1657,29663
44,14/4/2020,658884,565,1382,30631,358,0,137,16,278,0.0,1673,29800
45,15/4/2020,658766,544,1266,30872,372,0,119,17,246,0.0,1690,29919
46,16/4/2020,658668,504,1170,31094,384,0,98,14,217,0.0,1704,30017
47,17/4/2020,658584,463,1068,31308,397,0,84,10,185,0.0,1714,30101
48,18/4/2020,658495,419,1002,31496,408,0,89,14,167,0.0,1728,30190
49,19/4/2020,658398,389,946,31670,417,0,97,16,157,0.0,1744,30287
50,20/4/2020,658323,355,882,31835,425,0,76,12,147,0.0,1756,30363
51,21/4/2020,658257,331,824,31977,431,0,66,11,134,0.0,1767,30429
52,22/4/2020,658199,296,762,32126,437,0,59,14,127,0.0,1781,30488
53,23/4/2020,658150,261,700,32266,443,0,49,7,116,0.0,1788,30537
54,24/4/2020,658097,239,635,32402,447,0,53,9,102,0.0,1797,30590
55,25/4/2020,658060,227,561,32520,452,0,38,13,101,0.0,1810,30628
56,26/4/2020,658011,213,521,32617,458,0,49,10,92,0.0,1820,30677
57,27/4/2020,657977,196,476,32707,464,0,34,8,88,0.0,1828,30711
58,28/4/2020,657943,185,427,32797,468,0,34,8,82,0.0,1836,30745
59,29/4/2020,657912,170,391,32877,470,0,31,7,76,0.0,1843,30776
60,30/4/2020,657875,153,384,32936,472,0,37,4,71,0.0,1847,30813
61,1/5/2020,657852,145,333,33017,473,0,23,1,63,0.0,1848,30836
62,2/5/2020,657829,126,296,33090,479,0,23,4,51,0.0,1852,30859
63,3/5/2020,657800,113,267,33160,480,0,30,4,44,0.0,1856,30889
64,4/5/2020,657781,93,248,33218,480,0,19,8,44,0.0,1864,30908
65,5/5/2020,657759,92,230,33258,481,0,22,2,41,0.0,1866,30930
66,6/5/2020,657741,83,223,33290,483,0,18,4,35,0.0,1870,30948
67,7/5/2020,657722,84,201,33328,485,0,19,2,34,0.0,1872,30967
68,8/5/2020,657709,78,186,33358,489,0,13,1,29,0.0,1873,30980
69,9/5/2020,657694,72,170,33394,490,0,15,7,32,0.0,1880,30995
70,10/5/2020,657680,69,153,33426,492,0,16,2,28,0.0,1882,31011
71,11/5/2020,657665,64,141,33455,495,0,15,4,27,0.0,1886,31026
72,12/5/2020,657652,54,135,33482,497,0,14,3,27,0.0,1889,31040
73,13/5/2020,657632,64,122,33505,497,0,20,0,24,0.0,1889,31060
74,14/5/2020,657618,65,116,33523,498,0,14,1,19,0.0,1890,31074
75,15/5/2020,657609,56,110,33546,499,0,9,0,18,0.0,1890,31083
76,16/5/2020,657598,55,109,33559,499,0,11,0,15,0.0,1890,31094
77,17/5/2020,657580,53,109,33579,499,0,18,0,11,0.0,1890,31112
78,18/5/2020,657569,51,111,33590,499,0,12,2,10,0.0,1892,31124
79,19/5/2020,657555,53,101,33612,499,0,14,1,8,0.0,1893,31138
80,20/5/2020,657547,48,91,33634,500,0,8,4,9,0.0,1897,31146
81,21/5/2020,657539,46,84,33650,501,0,8,1,9,0.0,1898,31154
82,22/5/2020,657528,42,85,33664,501,0,11,1,10,0.0,1899,31165
83,23/5/2020,657519,37,83,33680,501,0,9,0,10,0.0,1899,31174
84,24/5/2020,657514,32,76,33697,501,0,5,0,9,0.0,1899,31179
85,25/5/2020,657503,37,69,33710,501,0,12,1,8,0.0,1900,31191
86,26/5/2020,657492,39,70,33718,501,0,11,2,10,0.0,1902,31202
87,27/5/2020,657484,35,68,33730,503,0,8,0,6,0.0,1902,31210
88,28/5/2020,657477,37,61,33740,505,0,7,1,4,0.0,1903,31217
89,29/5/2020,657466,43,55,33751,505,0,12,1,5,0.0,1904,31229
90,30/5/2020,657459,41,52,33762,506,0,8,0,4,0.0,1904,31237
91,31/5/2020,657453,33,54,33774,506,0,6,0,4,0.0,1904,31243
92,1/6/2020,657447,31,52,33784,506,0,6,0,4,0.0,1904,31249
93,2/6/2020,657441,30,53,33790,506,0,6,1,5,0.0,1905,31255
94,3/6/2020,657435,25,49,33805,506,0,6,1,6,0.0,1906,31261
95,4/6/2020,657428,26,45,33815,506,0,7,0,5,0.0,1906,31268
96,5/6/2020,657420,27,44,33823,506,0,9,1,5,0.0,1907,31277
97,6/6/2020,657418,24,43,33829,506,0,2,0,4,0.0,1907,31279
98,7/6/2020,657410,26,46,33832,506,0,9,1,5,0.0,1908,31288
99,8/6/2020,657408,23,44,33839,506,0,2,0,4,0.0,1908,31290
100,9/6/2020,657406,18,41,33849,506,0,2,0,3,0.0,1908,31292
101,10/6/2020,657401,16,43,33854,506,0,5,0,3,0.0,1908,31297
102,11/6/2020,657395,17,43,33859,506,0,7,1,4,0.0,1909,31304
103,12/6/2020,657386,22,37,33869,506,0,10,0,3,0.0,1909,31314
104,13/6/2020,657381,21,34,33878,506,0,5,1,4,0.0,1910,31319
105,14/6/2020,657382,21,33,33878,506,0,3,0,4,0.0,1910,31322
106,15/6/2020,657374,23,39,33878,506,0,10,0,4,0.0,1910,31332
107,16/6/2020,657367,25,36,33886,506,0,7,0,3,0.0,1910,31339
108,17/6/2020,657356,30,35,33893,506,0,11,2,4,0.0,1912,31350
109,18/6/2020,657354,31,32,33897,506,0,5,0,3,0.0,1912,31355
110,19/6/2020,657352,31,33,33898,506,0,4,0,3,0.0,1912,31359
111,20/6/2020,657346,26,39,33903,506,0,7,1,3,0.0,1913,31366
112,21/6/2020,657337,27,46,33904,506,0,10,0,3,0.0,1913,31376
113,22/6/2020,657330,24,47,33911,508,0,8,0,1,0.0,1913,31384
114,23/6/2020,657318,31,44,33919,508,0,13,0,1,0.0,1913,31397
115,24/6/2020,657307,35,45,33925,508,0,11,0,1,0.0,1913,31408
116,25/6/2020,657304,35,42,33931,508,0,6,0,0,0.0,1913,31414
117,26/6/2020,657302,35,44,33931,508,0,7,2,2,0.0,1915,31421
118,27/6/2020,657300,31,51,33930,508,0,6,1,3,0.0,1916,31427
119,28/6/2020,657295,33,51,33933,508,0,12,0,3,0.0,1916,31439
120,29/6/2020,657286,39,51,33936,508,0,11,0,3,0.0,1916,31450
121,30/6/2020,657284,32,57,33938,509,0,7,0,1,0.0,1916,31457
122,1/7/2020,657280,36,46,33949,509,0,8,0,1,0.0,1916,31465
123,2/7/2020,657272,36,45,33958,509,0,10,0,1,0.0,1916,31475
124,3/7/2020,657271,39,45,33956,509,0,10,1,2,0.0,1917,31485
125,4/7/2020,657269,37,48,33957,509,0,8,0,2,0.0,1917,31493
126,5/7/2020,657261,43,47,33960,509,0,13,0,2,0.0,1917,31506
127,6/7/2020,657257,38,53,33963,509,0,8,0,2,0.0,1917,31514
128,7/7/2020,657256,40,55,33960,509,0,8,0,2,0.0,1917,31522
129,8/7/2020,657251,42,58,33959,510,0,12,1,2,0.0,1918,31534
130,9/7/2020,657242,47,59,33962,510,0,13,0,2,0.0,1918,31547
131,10/7/2020,657240,50,55,33965,510,0,9,1,3,0.0,1919,31556
132,11/7/2020,657235,49,63,33963,510,0,16,0,3,0.0,1919,31572
133,12/7/2020,657231,49,64,33966,510,0,11,1,4,0.0,1920,31583
134,13/7/2020,657221,48,72,33969,510,0,17,0,4,0.0,1920,31600
135,14/7/2020,657211,63,65,33971,510,0,20,1,5,0.0,1921,31620
136,15/7/2020,657211,62,71,33966,510,0,17,1,5,0.0,1922,31637
137,16/7/2020,657201,71,68,33970,510,0,20,0,5,0.0,1922,31657
138,17/7/2020,657194,71,71,33974,510,0,15,0,4,0.0,1922,31672
139,18/7/2020,657179,78,80,33972,511,0,26,1,4,0.0,1923,31698
140,19/7/2020,657159,86,85,33979,511,0,25,0,3,0.0,1923,31723
141,20/7/2020,657151,92,93,33973,511,0,23,1,3,0.0,1924,31746
142,21/7/2020,657144,90,98,33977,511,0,15,0,3,0.0,1924,31761
143,22/7/2020,657123,90,108,33988,511,0,27,0,3,0.0,1924,31788
144,23/7/2020,657108,91,113,33997,511,0,27,0,3,0.0,1924,31815
145,24/7/2020,657100,93,111,34005,511,0,19,0,3,0.0,1924,31834
146,25/7/2020,657076,103,118,34012,511,0,35,0,3,0.0,1924,31869
147,26/7/2020,657065,100,126,34018,511,0,25,0,1,0.0,1924,31894
148,27/7/2020,657057,93,131,34028,511,0,23,0,1,0.0,1924,31917
149,28/7/2020,657045,105,128,34031,511,0,30,0,1,0.0,1924,31947
150,29/7/2020,657036,105,131,34037,511,0,24,3,4,0.0,1927,31971
151,30/7/2020,657022,105,131,34051,511,0,24,2,5,0.0,1929,31995
152,31/7/2020,657008,103,139,34059,511,0,28,1,6,0.0,1930,32023
153,1/8/2020,656986,123,144,34056,511,0,45,0,6,0.0,1930,32068
154,2/8/2020,656973,127,145,34064,511,0,29,2,7,0.0,1932,32097
155,3/8/2020,656959,129,153,34068,511,0,32,1,8,0.0,1933,32129
156,4/8/2020,656949,118,157,34085,511,0,23,0,7,0.0,1933,32152
157,5/8/2020,656947,119,165,34078,511,0,31,1,8,0.0,1934,32183
158,6/8/2020,656943,117,172,34076,512,0,38,0,6,0.0,1934,32221
159,7/8/2020,656933,121,178,34076,512,0,32,0,6,0.0,1934,32253
160,8/8/2020,656928,126,189,34065,512,0,32,2,8,0.0,1936,32285
161,9/8/2020,656908,134,190,34076,512,0,36,2,9,0.0,1938,32321
162,10/8/2020,656898,143,183,34084,512,0,36,1,9,0.0,1939,32357
163,11/8/2020,656898,148,174,34086,514,0,37,2,8,0.0,1941,32394
164,12/8/2020,656893,146,181,34086,514,0,36,1,9,0.0,1942,32430
165,13/8/2020,656895,138,185,34088,514,0,34,2,11,0.0,1944,32464
166,14/8/2020,656882,151,184,34089,514,0,46,4,14,0.0,1948,32510
167,15/8/2020,656874,173,189,34070,514,0,49,4,17,0.0,1952,32559
168,16/8/2020,656855,191,199,34061,514,0,56,1,17,0.0,1953,32615
169,17/8/2020,656835,210,210,34051,514,0,59,1,18,0.0,1954,32674
170,18/8/2020,656814,223,213,34054,516,0,57,1,15,0.0,1955,32731
171,19/8/2020,656810,222,233,34039,516,0,54,4,18,0.0,1959,32785
172,20/8/2020,656797,231,244,34030,518,0,59,0,15,0.0,1959,32844
173,21/8/2020,656781,234,258,34029,518,0,57,2,15,0.0,1961,32901
174,22/8/2020,656764,245,265,34026,520,0,58,1,12,0.0,1962,32959
175,23/8/2020,656747,242,299,34012,520,0,62,1,12,0.0,1963,33021
176,24/8/2020,656751,225,309,34015,520,0,51,4,13,0.0,1967,33072
177,25/8/2020,656735,230,324,34011,520,0,67,2,15,0.0,1969,33139
178,26/8/2020,656715,246,338,34000,521,0,71,1,14,0.0,1970,33210
179,27/8/2020,656699,249,337,34014,521,0,68,4,16,0.0,1974,33278
180,28/8/2020,656680,266,333,34019,522,0,72,1,16,0.0,1975,33350
181,29/8/2020,656659,267,356,34016,522,0,72,9,24,0.0,1984,33422
182,30/8/2020,656638,280,349,34030,523,0,72,0,22,0.0,1984,33494
183,31/8/2020,656623,280,355,34039,523,0,71,3,22,0.0,1987,33565
184,1/9/2020,656608,302,346,34041,523,0,78,7,27,0.0,1994,33643
185,2/9/2020,656610,285,382,34020,523,0,59,4,30,0.0,1998,33702
186,3/9/2020,656611,274,378,34032,525,0,57,5,30,0.0,2003,33759
187,4/9/2020,656606,269,393,34027,525,0,72,2,30,0.0,2005,33831
188,5/9/2020,656611,266,409,34009,525,0,65,3,32,0.0,2008,33896
189,6/9/2020,656627,249,425,33993,526,0,57,5,35,0.0,2013,33953
190,7/9/2020,656639,240,413,34001,527,0,59,0,30,0.0,2013,34012
191,8/9/2020,656625,259,404,34005,527,0,78,2,29,0.0,2015,34090
192,9/9/2020,656605,274,399,34014,528,0,79,5,30,0.0,2020,34169
193,10/9/2020,656594,284,381,34031,530,0,71,3,28,0.0,2023,34240
194,11/9/2020,656612,274,389,34013,532,0,54,8,31,0.0,2031,34294
195,12/9/2020,656609,288,388,34003,532,0,76,4,33,0.0,2035,34370
196,13/9/2020,656631,272,415,33967,535,0,68,4,34,0.0,2039,34438
197,14/9/2020,656619,281,415,33969,536,0,82,4,35,0.0,2043,34520
198,15/9/2020,656635,285,419,33944,537,0,78,5,36,0.0,2048,34598
199,16/9/2020,656658,303,414,33906,539,0,87,4,36,0.0,2052,34685
200,17/9/2020,656677,318,404,33880,541,0,81,5,36,0.0,2057,34766
201,18/9/2020,656695,325,417,33842,541,0,81,4,36,0.0,2061,34847
202,19/9/2020,656726,323,433,33794,544,0,76,1,32,0.0,2062,34923
203,20/9/2020,656721,325,458,33770,546,0,92,5,33,0.0,2067,35015
204,21/9/2020,656735,320,470,33747,548,0,70,4,34,0.0,2071,35085
205,22/9/2020,656737,329,473,33731,550,0,92,4,35,0.0,2075,35177
206,23/9/2020,656781,319,466,33702,552,0,67,2,30,0.0,2077,35244
207,24/9/2020,656784,340,462,33681,553,0,100,2,29,0.0,2079,35344
208,25/9/2020,656800,312,469,33685,554,0,61,2,25,0.0,2081,35405
209,26/9/2020,656844,291,479,33652,554,0,55,10,32,0.0,2091,35460
210,27/9/2020,656895,277,470,33624,554,0,64,3,34,0.0,2094,35524
211,28/9/2020,656938,258,468,33602,554,0,60,1,32,0.0,2095,35584
212,29/9/2020,656972,257,453,33584,554,0,68,11,39,0.0,2106,35652
213,30/9/2020,657041,242,437,33544,556,0,57,3,35,0.0,2109,35709
214,1/10/2020,657079,243,423,33518,557,0,61,5,36,0.0,2114,35770
215,2/10/2020,657118,260,416,33468,558,0,87,3,36,0.0,2117,35857
216,3/10/2020,657148,292,389,33429,562,0,90,3,31,0.0,2120,35947
217,4/10/2020,657207,291,391,33368,563,0,59,4,33,0.0,2124,36006
218,5/10/2020,657256,298,375,33327,564,0,65,6,35,0.0,2130,36071
219,6/10/2020,657310,290,381,33272,567,0,55,5,36,0.0,2135,36126
220,7/10/2020,657387,279,390,33196,568,0,60,3,36,0.0,2138,36186
221,8/10/2020,657440,281,389,33140,570,0,77,8,38,0.0,2146,36263
222,9/10/2020,657488,289,387,33085,571,0,64,2,37,0.0,2148,36327
223,10/10/2020,657584,266,403,32995,572,0,54,3,36,0.0,2151,36381
224,11/10/2020,657620,284,390,32954,572,0,70,3,36,0.0,2154,36451
225,12/10/2020,657671,291,395,32891,572,0,78,3,35,0.0,2157,36529
226,13/10/2020,657747,272,411,32817,573,0,67,7,38,0.0,2164,36596
227,14/10/2020,657812,265,409,32761,573,0,62,2,33,0.0,2166,36658
228,15/10/2020,657906,257,413,32669,575,0,60,7,34,0.0,2173,36718
229,16/10/2020,657973,256,408,32607,576,0,60,4,36,0.0,2177,36778
230,17/10/2020,658018,283,400,32542,577,0,84,3,36,0.0,2180,36862
231,18/10/2020,658089,306,388,32458,579,0,83,5,31,0.0,2185,36945
232,19/10/2020,658160,318,382,32379,581,0,82,5,33,0.0,2190,37027
233,20/10/2020,658266,323,381,32268,582,0,74,1,30,0.0,2191,37101
234,21/10/2020,658355,312,403,32168,582,0,75,6,32,0.0,2197,37176
235,22/10/2020,658410,309,424,32094,583,0,84,3,32,0.0,2200,37260
236,23/10/2020,658487,294,439,32016,584,0,73,3,30,0.0,2203,37333
237,24/10/2020,658549,304,427,31956,584,0,75,3,28,0.0,2206,37408
238,25/10/2020,658635,294,423,31883,585,0,62,7,31,0.0,2213,37470
239,26/10/2020,658707,302,429,31797,585,0,82,4,33,0.0,2217,37552
240,27/10/2020,658794,286,432,31723,585,0,65,2,33,0.0,2219,37617
241,28/10/2020,658888,285,437,31622,588,0,74,4,32,0.0,2223,37691
242,29/10/2020,658964,288,447,31532,589,0,83,3,32,0.0,2226,37774
243,30/10/2020,659051,301,457,31421,590,0,88,5,31,0.0,2231,37862
244,31/10/2020,659125,314,452,31336,593,0,81,3,30,0.0,2234,37943
245,1/11/2020,659175,334,445,31269,597,0,91,6,30,0.0,2240,38034
246,2/11/2020,659256,356,437,31173,598,0,96,11,35,0.0,2251,38130
247,3/11/2020,659304,372,463,31082,599,0,105,5,37,0.0,2256,38235
248,4/11/2020,659377,405,468,30971,599,0,114,2,39,0.0,2258,38349
249,5/11/2020,659444,401,493,30882,600,0,99,3,37,0.0,2261,38448
250,6/11/2020,659479,418,507,30815,601,0,111,2,34,0.0,2263,38559
251,7/11/2020,659522,414,543,30739,602,0,108,7,35,0.0,2270,38667
252,8/11/2020,659603,412,565,30638,602,0,114,4,36,0.0,2274,38781
253,9/11/2020,659666,420,569,30561,604,0,107,5,34,0.0,2279,38888
254,10/11/2020,659705,439,577,30494,605,0,126,6,38,0.0,2285,39014
255,11/11/2020,659766,437,604,30406,607,0,107,3,35,0.0,2288,39121
256,12/11/2020,659812,477,615,30306,610,0,143,6,34,0.0,2294,39264
257,13/11/2020,659850,472,642,30244,612,0,122,3,34,0.0,2297,39386
258,14/11/2020,659887,499,648,30174,612,0,138,2,34,0.0,2299,39524
259,15/11/2020,659927,525,668,30087,613,0,146,3,34,0.0,2302,39670
260,16/11/2020,659991,534,691,29990,614,0,133,6,35,0.0,2308,39803
261,17/11/2020,660047,561,704,29892,616,0,150,9,38,0.0,2317,39953
262,18/11/2020,660071,579,705,29848,617,0,147,8,41,0.0,2325,40100
263,19/11/2020,660086,613,706,29796,619,0,165,7,44,0.0,2332,40265
264,20/11/2020,660106,616,732,29746,620,0,156,7,47,0.0,2339,40421
265,21/11/2020,660113,663,742,29680,622,0,177,4,47,0.0,2343,40598
266,22/11/2020,660121,682,794,29601,622,0,180,7,53,0.0,2350,40778
267,23/11/2020,660093,717,838,29549,623,0,204,10,53,0.0,2360,40982
268,24/11/2020,660079,758,850,29507,626,0,205,2,46,0.0,2362,41187
269,25/11/2020,660078,747,894,29471,630,0,180,6,46,0.0,2368,41367
270,26/11/2020,660061,776,945,29407,631,0,220,8,51,0.0,2376,41587
271,27/11/2020,660069,774,978,29364,635,0,186,6,48,0.0,2382,41773
272,28/11/2020,660019,816,1011,29336,638,0,229,7,51,0.0,2389,42002
273,29/11/2020,659959,871,1043,29308,639,0,244,12,58,0.0,2401,42246
274,30/11/2020,659891,923,1064,29301,641,0,256,6,58,0.0,2407,42502
275,1/12/2020,659797,986,1119,29278,640,0,289,4,60,0.0,2411,42791
276,2/12/2020,656608,1088,1167,29265,640,3052,324,12,67,0.0,2423,43115
277,3/12/2020,653474,1155,1222,29258,641,6070,315,12,75,0.0,2435,43430
278,4/12/2020,650207,1232,1275,29281,641,9184,330,3,72,0.0,2438,43760
279,5/12/2020,647068,1302,1348,29297,646,12159,354,6,71,0.0,2444,44114
280,6/12/2020,643860,1387,1411,29327,647,15188,371,10,72,0.0,2454,44485
281,7/12/2020,640698,1395,1521,29371,650,18185,352,5,68,0.0,2459,44837
282,8/12/2020,637512,1452,1619,29421,653,21163,394,15,73,0.0,2474,45231
283,9/12/2020,634223,1593,1700,29489,655,24160,469,6,73,0.0,2480,45700
284,10/12/2020,630958,1647,1827,29569,660,27159,461,13,72,0.0,2493,46161
285,11/12/2020,627692,1774,1896,29678,663,30117,491,9,72,0.0,2502,46652
286,12/12/2020,624377,1925,1980,29784,670,33084,541,11,72,0.0,2513,47193
287,13/12/2020,621024,2042,2148,29875,671,36060,573,8,74,0.0,2521,47766
288,14/12/2020,617599,2143,2267,30082,673,39056,588,16,82,0.0,2537,48354
289,15/12/2020,614308,2199,2423,30237,677,41976,567,13,85,0.0,2550,48921
290,16/12/2020,610788,2346,2573,30439,677,44997,681,7,86,0.0,2557,49602
291,17/12/2020,607367,2495,2708,30640,681,47929,674,16,92,0.0,2573,50276
292,18/12/2020,603786,2694,2840,30882,686,50932,758,13,93,0.0,2586,51034
293,19/12/2020,600231,2831,3030,31134,689,53905,765,22,104,0.0,2608,51799
294,20/12/2020,596529,3013,3205,31410,691,56972,820,24,122,0.0,2632,52619
295,21/12/2020,592886,3116,3376,31741,696,60005,800,22,133,0.0,2654,53419
296,22/12/2020,589098,3267,3580,32107,698,63070,890,27,146,0.0,2681,54309
297,23/12/2020,585439,3400,3806,32468,701,66006,911,26,161,0.0,2707,55220
298,24/12/2020,581661,3488,4033,32901,704,69033,937,23,170,0.0,2730,56157
299,25/12/2020,577832,3652,4201,33406,708,72021,993,22,175,0.0,2752,57150
300,26/12/2020,573931,3823,4367,33955,712,75032,1070,16,177,0.0,2768,58220
301,27/12/2020,570063,3943,4585,34459,722,78048,1018,22,177,0.0,2790,59238
302,28/12/2020,566047,4158,4777,35011,727,81100,1143,20,179,0.0,2810,60381
303,29/12/2020,562134,4291,4982,35608,730,84075,1118,29,186,0.0,2839,61499
304,30/12/2020,558131,4507,5178,36258,732,87014,1250,23,188,0.0,2862,62749
305,31/12/2020,554016,4674,5373,36948,735,90074,1215,30,196,0.0,2892,63964
306,1/1/2021,549940,4828,5602,37654,743,93053,1257,23,195,0.0,2915,65221
307,2/1/2021,545916,4964,5854,38383,746,95957,1290,28,207,0.0,2943,66511
308,3/1/2021,541694,5142,6092,39186,754,98952,1409,41,220,0.0,2984,67920
309,4/1/2021,537461,5319,6284,40035,758,101963,1387,42,239,0.0,3026,69307
310,5/1/2021,533125,5488,6590,40908,764,104945,1512,32,248,0.0,3058,70819
311,6/1/2021,528863,5775,6738,41821,767,107856,1549,39,250,0.0,3097,72368
312,7/1/2021,524456,5988,6990,42752,771,110863,1555,37,262,0.0,3134,73923
313,8/1/2021,520052,6184,7263,43679,776,113866,1601,42,273,0.0,3176,75524
314,9/1/2021,515638,6234,7566,44704,786,116892,1563,48,286,0.0,3224,77087
315,10/1/2021,511303,6378,7807,45773,786,119773,1634,31,293,0.0,3255,78721
316,11/1/2021,506696,6562,8124,46828,794,122816,1736,54,321,0.0,3309,80457
317,12/1/2021,502247,6718,8328,48015,798,125714,1726,47,339,0.0,3356,82183
318,13/1/2021,497506,6879,8546,49319,811,128759,1850,45,335,0.0,3401,84033
319,14/1/2021,492883,7027,8767,50602,822,131719,1826,55,348,0.0,3456,85859
320,15/1/2021,488157,7218,8906,51991,832,134716,1879,61,369,0.0,3517,87738
