#time,date,susceptible,exposed,infectious,recovered,dead,immune,num infections today,num hospitalisations today,hospital bed occupancy,num hospitalisations today (data),cum num hospitalisations today,cum num infections today
1,2/3/2020,688045,1563,1199,852,2,0,465,3,26,0.0,3,465
2,3/3/2020,687525,1720,1402,1010,4,0,520,9,32,0.0,12,985
3,4/3/2020,686895,1965,1602,1195,4,0,630,9,39,0.0,21,1615
4,5/3/2020,686208,2238,1804,1406,5,0,687,8,46,0.0,29,2302
5,6/3/2020,685462,2484,2070,1638,7,0,746,9,53,0.0,38,3048
6,7/3/2020,684577,2764,2400,1911,9,0,885,7,52,0.0,45,3933
7,8/3/2020,683624,3144,2639,2243,11,0,953,9,58,0.0,54,4886
8,9/3/2020,682514,3580,2942,2611,14,0,1110,8,60,0.0,62,5996
9,10/3/2020,681288,4031,3310,3017,15,0,1226,19,76,0.0,81,7222
10,11/3/2020,679903,4501,3779,3462,16,0,1385,17,91,0.0,98,8607
11,12/3/2020,678329,5083,4138,4092,19,0,1574,18,101,0.0,116,10181
12,13/3/2020,677169,5132,4706,4632,22,0,1160,22,118,0.0,138,11341
13,14/3/2020,675962,5099,5293,5281,26,0,1207,25,129,0.0,163,12548
14,15/3/2020,674564,5245,5834,5991,27,0,1398,24,146,0.0,187,13946
15,16/3/2020,673055,5442,6283,6848,33,0,1509,31,163,0.0,218,15455
16,17/3/2020,671878,5280,6667,7795,41,0,1177,46,194,0.0,264,16632
17,18/3/2020,670585,5251,6964,8813,48,0,1293,29,202,0.0,293,17925
18,19/3/2020,669278,5239,7157,9928,59,0,1307,60,245,0.0,353,19232
19,20/3/2020,668006,5171,7364,11058,62,0,1272,50,270,0.0,403,20504
20,21/3/2020,666932,4905,7478,12277,69,0,1074,39,286,0.0,442,21578
21,22/3/2020,665840,4765,7485,13496,75,0,1092,41,299,0.0,483,22670
22,23/3/2020,664771,4628,7445,14737,80,0,1070,79,346,0.0,562,23740
23,24/3/2020,664228,3955,7403,15986,89,0,543,59,374,0.0,621,24283
24,25/3/2020,663660,3428,7238,17235,100,0,568,73,406,0.0,694,24851
25,26/3/2020,663126,2975,7008,18442,110,0,534,68,434,0.0,762,25385
26,27/3/2020,662600,2626,6635,19677,123,0,526,71,465,0.0,833,25911
27,28/3/2020,662147,2292,6212,20878,132,0,453,75,504,0.0,908,26364
28,29/3/2020,661700,2082,5699,22035,145,0,447,68,519,0.0,976,26811
29,30/3/2020,661289,1925,5200,23092,155,0,411,82,555,0.0,1058,27222
30,31/3/2020,660926,1742,4729,24087,177,0,363,73,566,0.0,1131,27585
31,1/4/2020,660554,1675,4245,24990,197,0,372,68,566,0.0,1199,27957
32,2/4/2020,660264,1523,3882,25776,216,0,290,75,584,0.0,1274,28247
33,3/4/2020,659982,1378,3586,26485,230,0,282,57,573,0.0,1331,28529
34,4/4/2020,659721,1252,3247,27194,247,0,261,58,557,0.0,1389,28790
35,5/4/2020,659506,1126,3004,27757,268,0,215,65,550,0.0,1454,29005
36,6/4/2020,659261,1071,2753,28288,288,0,245,42,511,0.0,1496,29250
37,7/4/2020,659043,990,2560,28753,315,0,218,40,469,0.0,1536,29468
38,8/4/2020,658846,931,2331,29228,325,0,197,37,442,0.0,1573,29665
39,9/4/2020,658662,861,2149,29648,341,0,184,37,418,0.0,1610,29849
40,10/4/2020,658464,824,1990,30022,361,0,198,32,389,0.0,1642,30047
41,11/4/2020,658331,740,1850,30361,379,0,134,26,363,0.0,1668,30181
42,12/4/2020,658212,648,1692,30707,402,0,120,23,328,0.0,1691,30301
43,13/4/2020,658084,584,1569,31004,420,0,128,25,294,0.0,1716,30429
44,14/4/2020,657957,528,1471,31275,430,0,127,23,275,0.0,1739,30556
45,15/4/2020,657860,491,1308,31557,445,0,97,17,237,0.0,1756,30653
46,16/4/2020,657749,472,1189,31795,456,0,112,18,210,0.0,1774,30765
47,17/4/2020,657659,434,1123,31980,465,0,90,18,204,0.0,1792,30855
48,18/4/2020,657564,424,1001,32196,476,0,95,21,186,0.0,1813,30950
49,19/4/2020,657489,400,927,32360,485,0,76,13,170,0.0,1826,31026
50,20/4/2020,657412,359,848,32550,492,0,77,5,146,0.0,1831,31103
51,21/4/2020,657339,340,756,32728,498,0,73,6,130,0.0,1837,31176
52,22/4/2020,657266,319,716,32859,501,0,73,12,125,0.0,1849,31249
53,23/4/2020,657212,284,673,32989,503,0,55,6,113,0.0,1855,31304
54,24/4/2020,657146,278,600,33128,509,0,66,14,109,0.0,1869,31370
55,25/4/2020,657106,223,582,33236,514,0,40,5,86,0.0,1874,31410
56,26/4/2020,657068,204,538,33334,517,0,39,12,88,0.0,1886,31449
57,27/4/2020,657025,189,507,33416,524,0,43,4,77,0.0,1890,31492
58,28/4/2020,656991,171,471,33498,530,0,34,7,69,0.0,1897,31526
59,29/4/2020,656952,157,438,33581,533,0,39,11,72,0.0,1908,31565
60,30/4/2020,656921,154,388,33659,539,0,31,6,68,0.0,1914,31596
61,1/5/2020,656894,138,357,33728,544,0,27,8,65,0.0,1922,31623
62,2/5/2020,656873,120,329,33792,547,0,22,4,62,0.0,1926,31645
63,3/5/2020,656845,111,308,33848,549,0,28,0,50,0.0,1926,31673
64,4/5/2020,656821,99,288,33903,550,0,25,6,46,0.0,1932,31698
65,5/5/2020,656797,103,256,33952,553,0,24,6,44,0.0,1938,31722
66,6/5/2020,656776,95,232,34004,554,0,22,2,39,0.0,1940,31744
67,7/5/2020,656756,100,208,34041,556,0,20,4,39,0.0,1944,31764
68,8/5/2020,656743,87,193,34080,558,0,13,4,30,0.0,1948,31777
69,9/5/2020,656725,81,185,34111,559,0,19,6,31,0.0,1954,31796
70,10/5/2020,656699,80,171,34150,561,0,26,2,28,0.0,1956,31822
71,11/5/2020,656691,69,160,34180,561,0,8,2,29,0.0,1958,31830
72,12/5/2020,656680,61,153,34205,562,0,11,3,29,0.0,1961,31841
73,13/5/2020,656668,58,142,34230,563,0,12,4,29,0.0,1965,31853
74,14/5/2020,656662,49,134,34253,563,0,6,1,28,0.0,1966,31859
75,15/5/2020,656653,48,122,34275,563,0,9,0,25,0.0,1966,31868
76,16/5/2020,656639,44,111,34303,564,0,14,2,20,0.0,1968,31882
77,17/5/2020,656625,41,116,34315,564,0,14,2,22,0.0,1970,31896
78,18/5/2020,656612,40,107,34334,568,0,14,1,14,0.0,1971,31910
79,19/5/2020,656606,35,96,34355,569,0,7,4,15,0.0,1975,31917
80,20/5/2020,656592,40,93,34364,572,0,14,3,15,0.0,1978,31931
81,21/5/2020,656584,40,85,34380,572,0,8,1,13,0.0,1979,31939
82,22/5/2020,656577,41,79,34392,572,0,7,1,12,0.0,1980,31946
83,23/5/2020,656570,37,78,34404,572,0,7,0,12,0.0,1980,31953
84,24/5/2020,656558,37,84,34410,572,0,12,0,11,0.0,1980,31965
85,25/5/2020,656554,33,76,34424,574,0,4,2,9,0.0,1982,31969
86,26/5/2020,656545,36,70,34435,575,0,9,0,8,0.0,1982,31978
87,27/5/2020,656540,33,67,34446,575,0,5,0,8,0.0,1982,31983
88,28/5/2020,656535,31,63,34457,575,0,6,1,9,0.0,1983,31989
89,29/5/2020,656528,28,60,34470,575,0,7,1,10,0.0,1984,31996
90,30/5/2020,656520,26,61,34478,576,0,8,1,9,0.0,1985,32004
91,31/5/2020,656516,28,54,34486,577,0,7,1,9,0.0,1986,32011
92,1/6/2020,656504,36,47,34496,578,0,12,1,7,0.0,1987,32023
93,2/6/2020,656496,32,53,34502,578,0,8,0,6,0.0,1987,32031
94,3/6/2020,656492,31,50,34510,578,0,4,0,5,0.0,1987,32035
95,4/6/2020,656483,27,57,34515,579,0,9,2,6,0.0,1989,32044
96,5/6/2020,656477,28,56,34521,579,0,6,0,5,0.0,1989,32050
97,6/6/2020,656472,25,59,34526,579,0,7,0,5,0.0,1989,32057
98,7/6/2020,656460,33,50,34539,579,0,12,1,6,0.0,1990,32069
99,8/6/2020,656456,30,48,34548,579,0,4,0,5,0.0,1990,32073
100,9/6/2020,656446,32,43,34561,579,0,11,0,4,0.0,1990,32084
101,10/6/2020,656435,39,37,34571,579,0,11,0,3,0.0,1990,32095
102,11/6/2020,656426,37,41,34578,579,0,9,0,2,0.0,1990,32104
103,12/6/2020,656422,33,43,34584,579,0,7,1,2,0.0,1991,32111
104,13/6/2020,656417,32,45,34588,579,0,5,0,1,0.0,1991,32116
105,14/6/2020,656413,30,45,34594,579,0,4,0,1,0.0,1991,32120
106,15/6/2020,656405,32,46,34599,579,0,9,0,1,0.0,1991,32129
107,16/6/2020,656399,29,44,34610,579,0,7,0,1,0.0,1991,32136
108,17/6/2020,656396,26,46,34614,579,0,5,0,1,0.0,1991,32141
109,18/6/2020,656386,31,45,34620,579,0,13,0,1,0.0,1991,32154
110,19/6/2020,656384,34,40,34624,579,0,6,0,1,0.0,1991,32160
111,20/6/2020,656374,38,40,34630,579,0,12,1,1,0.0,1992,32172
112,21/6/2020,656364,36,46,34636,579,0,10,0,1,0.0,1992,32182
113,22/6/2020,656354,39,48,34641,579,0,11,1,2,0.0,1993,32193
114,23/6/2020,656347,41,50,34644,579,0,9,1,3,0.0,1994,32202
115,24/6/2020,656343,39,53,34647,579,0,9,0,3,0.0,1994,32211
116,25/6/2020,656342,34,52,34654,579,0,4,1,4,0.0,1995,32215
117,26/6/2020,656332,37,53,34660,579,0,11,1,5,0.0,1996,32226
118,27/6/2020,656332,31,50,34669,579,0,4,1,5,0.0,1997,32230
119,28/6/2020,656330,32,48,34672,579,0,7,0,5,0.0,1997,32237
120,29/6/2020,656331,31,50,34670,579,0,8,0,4,0.0,1997,32245
121,30/6/2020,656329,28,50,34675,579,0,4,0,3,0.0,1997,32249
122,1/7/2020,656318,36,44,34684,579,0,13,0,1,0.0,1997,32262
123,2/7/2020,656311,39,47,34685,579,0,10,1,2,0.0,1998,32272
124,3/7/2020,656307,34,52,34689,579,0,7,0,2,0.0,1998,32279
125,4/7/2020,656301,34,48,34699,579,0,10,0,2,0.0,1998,32289
126,5/7/2020,656293,39,50,34700,579,0,15,0,2,0.0,1998,32304
127,6/7/2020,656289,39,48,34706,579,0,7,1,2,0.0,1999,32311
128,7/7/2020,656275,46,46,34715,579,0,15,0,2,0.0,1999,32326
129,8/7/2020,656263,54,52,34713,579,0,21,1,3,0.0,2000,32347
130,9/7/2020,656259,56,55,34712,579,0,11,1,4,0.0,2001,32358
131,10/7/2020,656258,49,60,34714,580,0,7,0,3,0.0,2001,32365
132,11/7/2020,656251,52,61,34717,580,0,13,0,3,0.0,2001,32378
133,12/7/2020,656250,45,64,34722,580,0,8,0,3,0.0,2001,32386
134,13/7/2020,656243,44,71,34723,580,0,14,2,5,0.0,2003,32400
135,14/7/2020,656235,50,70,34726,580,0,13,0,4,0.0,2003,32413
136,15/7/2020,656226,58,71,34726,580,0,18,1,5,0.0,2004,32431
137,16/7/2020,656210,72,66,34733,580,0,23,1,5,0.0,2005,32454
138,17/7/2020,656206,67,76,34732,580,0,14,0,5,0.0,2005,32468
139,18/7/2020,656207,53,83,34738,580,0,10,0,4,0.0,2005,32478
140,19/7/2020,656201,52,90,34738,580,0,17,0,4,0.0,2005,32495
141,20/7/2020,656194,62,83,34742,580,0,22,0,3,0.0,2005,32517
142,21/7/2020,656183,69,84,34745,580,0,21,1,3,0.0,2006,32538
143,22/7/2020,656180,72,80,34749,580,0,18,1,3,0.0,2007,32556
144,23/7/2020,656176,69,83,34753,580,0,13,0,3,0.0,2007,32569
145,24/7/2020,656163,79,77,34762,580,0,26,0,3,0.0,2007,32595
146,25/7/2020,656159,80,81,34761,580,0,17,0,3,0.0,2007,32612
147,26/7/2020,656152,81,90,34758,580,0,21,1,4,0.0,2008,32633
148,27/7/2020,656138,93,96,34754,580,0,29,0,4,0.0,2008,32662
149,28/7/2020,656143,90,100,34747,581,0,19,2,5,0.0,2010,32681
150,29/7/2020,656139,83,103,34754,582,0,19,3,7,0.0,2013,32700
151,30/7/2020,656130,82,114,34753,582,0,24,1,7,0.0,2014,32724
152,31/7/2020,656124,86,120,34749,582,0,23,0,7,0.0,2014,32747
153,1/8/2020,656130,84,121,34744,582,0,18,0,7,0.0,2014,32765
154,2/8/2020,656133,87,115,34744,582,0,20,0,6,0.0,2014,32785
155,3/8/2020,656130,88,124,34737,582,0,25,0,4,0.0,2014,32810
156,4/8/2020,656111,104,123,34741,582,0,37,0,3,0.0,2014,32847
157,5/8/2020,656113,106,124,34736,582,0,24,2,5,0.0,2016,32871
158,6/8/2020,656109,111,131,34728,582,0,29,0,5,0.0,2016,32900
159,7/8/2020,656103,118,137,34721,582,0,36,2,7,0.0,2018,32936
160,8/8/2020,656102,116,145,34716,582,0,25,2,9,0.0,2020,32961
161,9/8/2020,656107,115,152,34704,583,0,31,0,8,0.0,2020,32992
162,10/8/2020,656111,107,167,34693,583,0,28,0,6,0.0,2020,33020
163,11/8/2020,656111,113,166,34688,583,0,29,2,8,0.0,2022,33049
164,12/8/2020,656122,107,173,34676,583,0,28,2,10,0.0,2024,33077
165,13/8/2020,656130,116,169,34663,583,0,33,1,10,0.0,2025,33110
166,14/8/2020,656121,137,164,34655,584,0,42,1,8,0.0,2026,33152
167,15/8/2020,656098,158,166,34653,586,0,57,2,8,0.0,2028,33209
168,16/8/2020,656082,188,172,34633,586,0,60,2,10,0.0,2030,33269
169,17/8/2020,656066,186,185,34638,586,0,42,2,11,0.0,2032,33311
170,18/8/2020,656036,215,197,34627,586,0,62,1,12,0.0,2033,33373
171,19/8/2020,656009,227,195,34644,586,0,52,2,14,0.0,2035,33425
172,20/8/2020,656016,220,221,34617,587,0,42,0,13,0.0,2035,33467
173,21/8/2020,656006,212,254,34602,587,0,55,2,15,0.0,2037,33522
174,22/8/2020,655978,219,273,34603,588,0,69,1,14,0.0,2038,33591
175,23/8/2020,655977,219,283,34594,588,0,52,2,15,0.0,2040,33643
176,24/8/2020,655971,216,291,34592,591,0,53,2,13,0.0,2042,33696
177,25/8/2020,655943,228,301,34597,592,0,73,0,9,0.0,2042,33769
178,26/8/2020,655924,237,312,34596,592,0,63,4,13,0.0,2046,33832
179,27/8/2020,655906,250,324,34589,592,0,67,2,14,0.0,2048,33899
180,28/8/2020,655892,260,333,34582,594,0,69,5,17,0.0,2053,33968
181,29/8/2020,655896,245,334,34592,594,0,51,4,18,0.0,2057,34019
182,30/8/2020,655895,240,345,34587,594,0,58,1,19,0.0,2058,34077
183,31/8/2020,655891,248,354,34574,594,0,64,3,21,0.0,2061,34141
184,1/9/2020,655886,250,365,34566,594,0,72,2,20,0.0,2063,34213
185,2/9/2020,655875,264,351,34577,594,0,67,3,22,0.0,2066,34280
186,3/9/2020,655876,260,376,34555,594,0,61,5,25,0.0,2071,34341
187,4/9/2020,655890,247,383,34547,594,0,59,2,24,0.0,2073,34400
188,5/9/2020,655913,241,372,34539,596,0,53,5,26,0.0,2078,34453
189,6/9/2020,655908,241,375,34540,597,0,63,4,26,0.0,2082,34516
190,7/9/2020,655917,229,390,34527,598,0,58,3,27,0.0,2085,34574
191,8/9/2020,655935,224,387,34517,598,0,58,4,30,0.0,2089,34632
192,9/9/2020,655926,241,377,34518,599,0,73,6,31,0.0,2095,34705
193,10/9/2020,655939,250,361,34510,601,0,58,2,29,0.0,2097,34763
194,11/9/2020,655975,253,356,34476,601,0,63,2,29,0.0,2099,34826
195,12/9/2020,655991,244,373,34451,602,0,60,6,32,0.0,2105,34886
196,13/9/2020,656007,250,383,34419,602,0,72,3,31,0.0,2108,34958
197,14/9/2020,656023,250,391,34395,602,0,70,1,29,0.0,2109,35028
198,15/9/2020,656024,268,376,34387,606,0,77,2,27,0.0,2111,35105
199,16/9/2020,656047,263,391,34350,610,0,77,3,23,0.0,2114,35182
200,17/9/2020,656074,281,355,34339,612,0,69,4,24,0.0,2118,35251
201,18/9/2020,656097,295,362,34295,612,0,74,4,26,0.0,2122,35325
202,19/9/2020,656108,304,374,34263,612,0,76,2,26,0.0,2124,35401
203,20/9/2020,656119,308,384,34237,613,0,83,2,23,0.0,2126,35484
204,21/9/2020,656137,307,406,34198,613,0,76,2,24,0.0,2128,35560
205,22/9/2020,656131,321,421,34174,614,0,103,3,21,0.0,2131,35663
206,23/9/2020,656153,319,433,34139,617,0,79,6,23,0.0,2137,35742
207,24/9/2020,656179,326,426,34113,617,0,74,2,22,0.0,2139,35816
208,25/9/2020,656213,326,418,34087,617,0,66,4,24,0.0,2143,35882
209,26/9/2020,656259,291,445,34048,618,0,60,2,24,0.0,2145,35942
210,27/9/2020,656314,264,461,34004,618,0,56,0,24,0.0,2145,35998
211,28/9/2020,656361,256,471,33955,618,0,67,6,28,0.0,2151,36065
212,29/9/2020,656411,241,459,33931,619,0,53,5,30,0.0,2156,36118
213,30/9/2020,656470,240,452,33880,619,0,62,7,35,0.0,2163,36180
214,1/10/2020,656525,240,426,33849,621,0,52,3,33,0.0,2166,36232
215,2/10/2020,656593,242,414,33787,625,0,71,1,29,0.0,2167,36303
216,3/10/2020,656656,231,399,33747,628,0,52,2,26,0.0,2169,36355
217,4/10/2020,656725,215,402,33690,629,0,49,7,28,0.0,2176,36404
218,5/10/2020,656792,216,398,33624,631,0,64,3,27,0.0,2179,36468
219,6/10/2020,656858,224,381,33566,632,0,57,2,25,0.0,2181,36525
220,7/10/2020,656921,234,365,33508,633,0,60,3,26,0.0,2184,36585
221,8/10/2020,657006,226,368,33427,634,0,58,2,25,0.0,2186,36643
222,9/10/2020,657076,219,364,33367,635,0,50,5,27,0.0,2191,36693
223,10/10/2020,657145,222,364,33294,636,0,54,0,25,0.0,2191,36747
224,11/10/2020,657220,228,353,33222,638,0,58,6,27,0.0,2197,36805
225,12/10/2020,657299,227,334,33158,643,0,57,8,29,0.0,2205,36862
226,13/10/2020,657377,225,332,33082,645,0,60,3,27,0.0,2208,36922
227,14/10/2020,657449,236,315,33016,645,0,63,6,30,0.0,2214,36985
228,15/10/2020,657527,233,324,32931,646,0,56,5,34,0.0,2219,37041
229,16/10/2020,657618,240,329,32826,648,0,58,2,32,0.0,2221,37099
230,17/10/2020,657710,237,328,32738,648,0,57,2,31,0.0,2223,37156
231,18/10/2020,657774,238,347,32653,649,0,67,3,32,0.0,2226,37223
232,19/10/2020,657880,237,340,32553,651,0,50,3,28,0.0,2229,37273
233,20/10/2020,657941,239,336,32492,653,0,61,3,27,0.0,2232,37334
234,21/10/2020,658015,264,327,32402,653,0,76,1,26,0.0,2233,37410
235,22/10/2020,658070,271,333,32332,655,0,75,2,23,0.0,2235,37485
236,23/10/2020,658164,269,326,32247,655,0,56,7,27,0.0,2242,37541
237,24/10/2020,658255,258,341,32151,656,0,53,0,22,0.0,2242,37594
238,25/10/2020,658356,253,358,32037,657,0,71,3,22,0.0,2245,37665
239,26/10/2020,658470,255,364,31914,658,0,61,3,23,0.0,2248,37726
240,27/10/2020,658580,247,369,31804,661,0,56,4,22,0.0,2252,37782
241,28/10/2020,658665,261,376,31698,661,0,76,3,23,0.0,2255,37858
242,29/10/2020,658759,282,364,31594,662,0,69,7,28,0.0,2262,37927
243,30/10/2020,658873,275,361,31490,662,0,56,3,29,0.0,2265,37983
244,31/10/2020,658968,270,372,31388,663,0,69,3,30,0.0,2268,38052
245,1/11/2020,659034,281,382,31299,665,0,89,6,33,0.0,2274,38141
246,2/11/2020,659092,308,403,31191,667,0,96,3,32,0.0,2277,38237
247,3/11/2020,659174,340,398,31081,668,0,93,1,28,0.0,2278,38330
248,4/11/2020,659274,357,412,30950,668,0,103,5,27,0.0,2283,38433
249,5/11/2020,659346,378,400,30869,668,0,93,2,22,0.0,2285,38526
250,6/11/2020,659407,381,437,30767,669,0,95,2,20,0.0,2287,38621
251,7/11/2020,659449,403,459,30681,669,0,114,2,20,0.0,2289,38735
252,8/11/2020,659505,405,473,30608,670,0,95,2,21,0.0,2291,38830
253,9/11/2020,659571,412,506,30502,670,0,111,5,22,0.0,2296,38941
254,10/11/2020,659634,441,506,30408,672,0,119,4,22,0.0,2300,39060
255,11/11/2020,659691,462,514,30322,672,0,125,5,26,0.0,2305,39185
256,12/11/2020,659714,492,551,30231,673,0,144,7,27,0.0,2312,39329
257,13/11/2020,659768,522,568,30129,674,0,129,4,29,0.0,2316,39458
258,14/11/2020,659798,511,626,30052,674,0,138,7,33,0.0,2323,39596
259,15/11/2020,659841,540,645,29961,674,0,147,4,33,0.0,2327,39743
260,16/11/2020,659831,565,685,29906,674,0,171,4,34,0.0,2331,39914
261,17/11/2020,659838,596,694,29859,674,0,161,7,39,0.0,2338,40075
262,18/11/2020,659866,613,732,29773,677,0,158,1,37,0.0,2339,40233
263,19/11/2020,659869,647,767,29701,677,0,175,5,39,0.0,2344,40408
264,20/11/2020,659901,647,820,29615,678,0,168,4,37,0.0,2348,40576
265,21/11/2020,659856,687,873,29565,680,0,217,8,40,0.0,2356,40793
266,22/11/2020,659870,744,888,29478,681,0,207,4,42,0.0,2360,41000
267,23/11/2020,659846,802,912,29418,683,0,219,5,41,0.0,2365,41219
268,24/11/2020,659843,833,964,29337,684,0,216,7,41,0.0,2372,41435
269,25/11/2020,659796,884,1031,29265,685,0,254,4,40,0.0,2376,41689
270,26/11/2020,659739,876,1090,29270,686,0,226,6,41,0.0,2382,41915
271,27/11/2020,659673,929,1131,29242,686,0,259,12,49,0.0,2394,42174
272,28/11/2020,659597,942,1171,29264,687,0,261,6,49,0.0,2400,42435
273,29/11/2020,659526,976,1223,29249,687,0,253,8,55,0.0,2408,42688
274,30/11/2020,659404,1058,1249,29262,688,0,304,6,56,0.0,2414,42992
275,1/12/2020,659304,1093,1306,29267,691,0,289,11,60,0.0,2425,43281
276,2/12/2020,656102,1196,1355,29288,693,3027,357,12,63,0.0,2437,43638
277,3/12/2020,652970,1276,1406,29314,694,6001,345,6,64,0.0,2443,43983
278,4/12/2020,649812,1350,1479,29335,696,8989,378,12,70,0.0,2455,44361
279,5/12/2020,646508,1435,1554,29384,697,12083,391,9,70,0.0,2464,44752
280,6/12/2020,643331,1516,1632,29433,701,15048,400,12,74,0.0,2476,45152
281,7/12/2020,640059,1582,1760,29471,702,18087,446,9,76,0.0,2485,45598
282,8/12/2020,636787,1671,1820,29565,705,21113,445,9,77,0.0,2494,46043
283,9/12/2020,633549,1743,1912,29673,707,24077,454,12,79,0.0,2506,46497
284,10/12/2020,630251,1819,2002,29798,711,27080,483,14,83,0.0,2520,46980
285,11/12/2020,626891,1903,2151,29940,712,30064,543,22,97,0.0,2542,47523
286,12/12/2020,623575,2039,2243,30073,713,33018,564,19,105,0.0,2561,48087
287,13/12/2020,620124,2125,2367,30242,716,36087,569,13,104,0.0,2574,48656
288,14/12/2020,616637,2231,2463,30451,720,39159,600,19,111,0.0,2593,49256
289,15/12/2020,613177,2343,2612,30625,723,42181,641,10,113,0.0,2603,49897
290,16/12/2020,609723,2420,2799,30821,726,45172,655,20,125,0.0,2623,50552
291,17/12/2020,606182,2589,2935,31087,726,48142,751,28,142,0.0,2651,51303
292,18/12/2020,602700,2687,3090,31354,733,51097,724,20,149,0.0,2671,52027
293,19/12/2020,599038,2855,3238,31648,741,54141,798,22,155,0.0,2693,52825
294,20/12/2020,595439,2977,3408,31958,745,57134,812,25,161,0.0,2718,53637
295,21/12/2020,591801,3108,3576,32329,753,60094,868,24,168,0.0,2742,54505
296,22/12/2020,588063,3328,3756,32663,757,63094,923,26,183,0.0,2768,55428
297,23/12/2020,584333,3463,3953,33065,759,66088,916,24,191,0.0,2792,56344
298,24/12/2020,580446,3762,4094,33526,770,69063,1112,28,192,0.0,2820,57456
299,25/12/2020,576640,3881,4330,33990,776,72044,1015,29,200,0.0,2849,58471
300,26/12/2020,572801,4014,4521,34508,784,75033,1023,19,195,0.0,2868,59494
301,27/12/2020,568828,4180,4713,35055,789,78096,1100,19,193,0.0,2887,60594
302,28/12/2020,564998,4325,4983,35607,795,80953,1175,25,188,0.0,2912,61769
303,29/12/2020,560904,4495,5206,36269,802,83985,1226,28,191,0.0,2940,62995
304,30/12/2020,556708,4703,5413,36961,807,87069,1271,26,186,0.0,2966,64266
305,31/12/2020,552572,4937,5574,37671,810,90097,1295,36,205,0.0,3002,65561
306,1/1/2021,548384,5099,5803,38430,815,93130,1338,30,212,0.0,3032,66899
307,2/1/2021,544235,5234,6034,39244,818,96096,1346,29,219,0.0,3061,68245
308,3/1/2021,540065,5305,6333,40079,821,99058,1376,30,228,0.0,3091,69621
309,4/1/2021,535806,5548,6528,40933,830,102016,1477,36,231,0.0,3127,71098
310,5/1/2021,531374,5779,6839,41767,839,105063,1594,41,240,0.0,3168,72692
311,6/1/2021,526992,5967,7096,42726,843,108037,1583,38,249,0.0,3206,74275
312,7/1/2021,522595,6139,7366,43694,851,111016,1605,39,259,0.0,3245,75880
313,8/1/2021,518158,6323,7553,44758,855,114014,1612,53,287,0.0,3298,77492
314,9/1/2021,513590,6495,7882,45771,862,117061,1719,56,315,0.0,3354,79211
315,10/1/2021,509067,6589,8171,46890,870,120074,1692,49,329,0.0,3403,80903
316,11/1/2021,504565,6712,8438,48058,879,123009,1729,49,343,0.0,3452,82632
317,12/1/2021,499951,6902,8631,49312,889,125976,1822,52,364,0.0,3504,84454
318,13/1/2021,495307,7057,8873,50562,896,128966,1840,47,378,0.0,3551,86294
319,14/1/2021,490642,7152,9153,51826,902,131986,1811,39,365,0.0,3590,88105
320,15/1/2021,485974,7304,9369,53158,913,134943,1895,49,372,0.0,3639,90000
